UTC_Time,Vin,TC1,TC2,Rh1,Vh1,Ah1,Acp1,Dty1,Err1,Rh2,Vh2,Ah2,Acp2,Dty2,Err2,Accel_x,Accel_y,Accel_z,gyro_x,gyro_y,gyro_z,Temp_c,Accel_x_h,Accel_y_h,Accel_z_h,gyro_x_h,gyro_y_h,gyro_z_h,
2026_07_06_17_07_26.482,3.869,29.2,0,0.758,0,0,0,0.005, ,0,0,0,0,0, ,779.1,39,620.2,-0.2,33.8,-13.5,25,779.1,39,620.2,-0.2,33.8,-13.5,
2026_07_06_17_07_26.502,3.869,29.2,0,0.757,0,0,0,0.006, ,0,0,0,0,0, ,773.3,34.6,644.5,0.3,22.2,-12.8,25,778.923,38.8659,620.94,-0.184766,33.4466,-13.4787,
2026_07_06_17_07_26.522,3.869,29.2,0,0.76,0,0,0,0.006, ,0,0,0,0,0, ,788,29,662.4,-0.5,10.3,-11.8,25,779.028,38.4354,622.921,-0.1796,32.3986,-13.4068,
2026_07_06_17_07_26.541,3.869,29.2,0,0.757,0,0,0,0.006, ,0,0,0,0,0, ,797.8,26.9,663.4,-1.4,2.5,-10.9,25,779.874,37.7964,625.358,-0.226546,30.8144,-13.2815,
2026_07_06_17_07_26.561,3.869,29.1,0,0.756,0,0,0,0.006, ,0,0,0,0,0, ,805.4,21.8,666.5,-2.7,0.7,-6.7,25,781.198,36.977,627.77,-0.337663,29.0341,-13.0084,
2026_07_06_17_07_26.581,3.869,29.2,0,0.76,0,0,0,0.007, ,0,0,0,0,0, ,781.3,31.6,660,-0.3,1.2,-4.3,25,781.938,36.3508,629.932,-0.408493,27.3227,-12.5509,
2026_07_06_17_07_26.601,3.869,29.1,0,0.757,0,0,0,0.006, ,0,0,0,0,0, ,765.6,33.3,644.1,-1.1,-0.6,-6,25,781.421,36.1131,631.28,-0.426257,25.676,-12.0999,
2026_07_06_17_07_26.620,3.869,29.1,0,0.757,0,0,0,0.007, ,0,0,0,0,0, ,763.6,29.4,638.3,-0.5,-0.2,-5.7,25,780.396,35.8228,631.885,-0.449032,24.087,-11.719,
2026_07_06_17_07_26.640,3.869,29.2,0,0.756,0,0,0,0.007, ,0,0,0,0,0, ,761.1,26.1,638.5,-1.4,-2,-4.6,25,779.296,35.3309,632.282,-0.479559,22.5522,-11.3187,
2026_07_06_17_07_26.660,3.869,29.2,0,0.757,0,0,0,0.007, ,0,0,0,0,0, ,769.1,30.8,629.8,-0.6,-4.3,-2.9,25,778.431,34.9116,632.396,-0.511274,20.986,-10.8575,
2026_07_06_17_07_26.680,3.869,29.2,0,0.758,0,0,0,0.007, ,0,0,0,0,0, ,766.9,27.8,614.3,-1.1,-3.2,-2.1,25,777.796,34.5696,631.765,-0.531915,19.4786,-10.3482,
2026_07_06_17_07_26.700,3.869,29.3,0,0.758,0,0,0,0.007, ,0,0,0,0,0, ,733.7,58.8,620.8,1.6,-0.4,-2.5,25,776.12,35.1016,630.899,-0.484267,18.1819,-9.85779,
2026_07_06_17_07_26.720,3.869,29.1,0,0.757,0,0,0,0.006, ,0,0,0,0,0, ,765.6,28.3,642.2,-0.2,-3.7,-2,25,774.507,35.6164,630.935,-0.412101,16.9491,-9.39419,
2026_07_06_17_07_26.740,3.869,29.1,0,0.757,0,0,0,0.008, ,0,0,0,0,0, ,763.5,44.1,671.3,0.4,1.1,-3.2,25,773.9,35.652,632.509,-0.380895,15.837,-8.98017,
2026_07_06_17_07_26.760,3.869,29.2,0,0.756,0,0,0,0.008, ,0,0,0,0,0, ,776.3,21.9,663.9,1.7,4,-2.6,25,773.656,35.4904,634.647,-0.293699,15.0273,-8.60966,
2026_07_06_17_07_26.779,3.869,29.2,0,0.758,0,0,0,0.007, ,0,0,0,0,0, ,775.2,25.6,643.6,2.7,4.9,0.3,25,773.784,34.775,635.811,-0.14174,14.3828,-8.15508,
2026_07_06_17_07_26.799,3.869,29.2,0,0.759,0,0,0,0.007, ,0,0,0,0,0, ,745.7,33.3,642.2,1.5,4.1,1.6,25,772.972,34.4505,636.243,-0.00513367,13.7805,-7.60024,
2026_07_06_17_07_26.823,3.869,29.3,0,0.756,0,0,0,0.007, ,0,0,0,0,0, ,741,34.4,650.8,1.4,0.4,-1.2,25,771.166,34.4139,636.868,0.0835385,13.0779,-7.12491,
2026_07_06_17_07_26.838,3.869,29.2,0,0.756,0,0,0,0.007, ,0,0,0,0,0, ,757.6,34.7,636.9,0.5,-1.7,-3.1,25,769.834,34.4222,637.294,0.136339,12.2414,-6.82176,
2026_07_06_17_07_26.858,3.869,29.3,0,0.757,0,0,0,0.008, ,0,0,0,0,0, ,764.4,28.6,646.4,-0.4,0,-1.4,25,769.296,34.2533,637.559,0.131077,11.4436,-6.54316,
2026_07_06_17_07_26.878,3.869,29.3,0,0.757,0,0,0,0.007, ,0,0,0,0,0, ,748.9,33.3,648.6,-0.8,2.4,-1.2,25,768.525,34.052,638.165,0.0865272,10.8194,-6.22366,
2026_07_06_17_07_26.897,3.869,29.3,0,0.755,0,0,0,0.007, ,0,0,0,0,0, ,741.2,34.7,660.8,-0.9,0.3,-2.6,25,767.095,34.0488,639.172,0.0294576,10.2423,-5.96019,
2026_07_06_17_07_26.917,3.869,29.3,0,0.757,0,0,0,0.007, ,0,0,0,0,0, ,754.1,31.2,656.7,-0.9,-2.2,-1.9,25,765.91,33.9818,640.365,-0.0271812,9.56031,-5.7341,
2026_07_06_17_07_26.937,3.869,29.2,0,0.76,0,0,0,0.007, ,0,0,0,0,0, ,750.4,29.4,654.6,-0.8,-1.8,-1.4,25,765.077,33.7575,641.297,-0.0773217,8.85586,-5.48522,
2026_07_06_17_07_26.959,3.869,29.2,0,0.757,0,0,0,0.008, ,0,0,0,0,0, ,740.9,30,650.3,-0.7,-2.5,-2.2,25,763.893,33.5102,641.976,-0.118313,8.18519,-5.26065,
2026_07_06_17_07_26.977,3.869,29.3,0,0.755,0,0,0,0.008, ,0,0,0,0,0, ,751.7,36.4,649.9,-1.9,-2.9,-4.3,25,762.821,33.4913,642.471,-0.190322,7.52187,-5.13813,
2026_07_06_17_07_26.996,3.869,29.3,0,0.759,0,0,0,0.007, ,0,0,0,0,0, ,764.7,30.6,655.2,-1.9,-0.6,-3.7,25,762.54,33.4918,643.086,-0.294506,6.95687,-5.06877,
2026_07_06_17_07_27.017,3.869,29.3,0,0.758,0,0,0,0.007, ,0,0,0,0,0, ,763.4,32.1,653.8,-1.6,0.5,-2.6,25,762.632,33.3613,643.781,-0.3832,6.52989,-4.95185,
2026_07_06_17_07_27.036,3.869,29.3,0,0.759,0,0,0,0.007, ,0,0,0,0,0, ,747.6,31.9,645.2,-1.3,2.2,-3,25,762.197,33.2784,644.13,-0.448208,6.21424,-4.82072,
2026_07_06_17_07_27.056,3.869,29.2,0,0.757,0,0,0,0.007, ,0,0,0,0,0, ,754,36.4,647.9,-0.8,-0.3,-3,25,761.503,33.3315,644.277,-0.48488,5.89345,-4.70977,
2026_07_06_17_07_27.075,3.869,29.2,0,0.757,0,0,0,0.008, ,0,0,0,0,0, ,755.6,34.1,642,-0.7,0.6,-3.4,25,761.094,33.4484,644.318,-0.501035,5.54346,-4.61777,
2026_07_06_17_07_27.099,3.869,29.3,0,0.757,0,0,0,0.008, ,0,0,0,0,0, ,795.7,37.1,655,0,1.3,-6.2,25,761.981,33.5795,644.573,-0.491832,5.26354,-4.62887,
2026_07_06_17_07_27.115,3.869,29.1,0,0.759,0,0,0,0.008, ,0,0,0,0,0, ,748.7,36.4,656.2,-1.3,-0.3,-2,25,762.604,33.7727,645.245,-0.50147,4.97326,-4.59665,
2026_07_06_17_07_27.135,3.869,29.3,0,0.76,0,0,0,0.009, ,0,0,0,0,0, ,753,35.6,643.9,0.2,-0.4,-3,25,761.888,33.9084,645.538,-0.504427,4.64888,-4.46888,
2026_07_06_17_07_27.155,3.869,29.2,0,0.757,0,0,0,0.008, ,0,0,0,0,0, ,756.8,34.1,651.4,0.2,1.9,-3.2,25,761.462,33.9658,645.666,-0.461501,4.41129,-4.38547,
2026_07_06_17_07_27.174,3.869,29.3,0,0.757,0,0,0,0.009, ,0,0,0,0,0, ,746.3,29.9,652.5,-0.4,0.1,-0.9,25,760.858,33.846,646.049,-0.439472,4.20341,-4.24315,
2026_07_06_17_07_27.194,3.869,29.3,0,0.757,0,0,0,0.008, ,0,0,0,0,0, ,736.5,33.8,649,-0.5,-2,-1.8,25,759.672,33.7244,646.336,-0.440114,3.88938,-4.06685,
2026_07_06_17_07_27.214,3.869,29.4,0,0.759,0,0,0,0.008, ,0,0,0,0,0, ,740.8,34.9,653.9,-0.3,0.4,-4.4,25,758.391,33.7625,646.647,-0.437669,3.60362,-4.00793,
2026_07_06_17_07_27.238,3.869,29.2,0,0.76,0,0,0,0.007, ,0,0,0,0,0, ,754.3,32.4,647.4,0,0.3,-3.8,25,757.73,33.7557,646.891,-0.42014,3.40535,-4.01354,
2026_07_06_17_07_27.254,3.869,29.3,0,0.757,0,0,0,0.009, ,0,0,0,0,0, ,755.3,39,652.5,0.5,-2,-1.9,25,757.552,33.8741,647.078,-0.379303,3.14604,-3.94264,
2026_07_06_17_07_27.273,3.869,29.4,0,0.757,0,0,0,0.008, ,0,0,0,0,0, ,758,40.6,654,0.6,-2.4,-2.7,25,757.497,34.2352,647.454,-0.322674,2.82027,-3.84254,
2026_07_06_17_07_27.294,3.869,29.4,0,0.757,0,0,0,0.008, ,0,0,0,0,0, ,767.7,38.4,656.6,-0.2,-1,-1.1,25,757.823,34.5561,647.932,-0.290823,2.54481,-3.72417,
2026_07_06_17_07_27.313,3.869,29.2,0,0.76,0,0,0,0.008, ,0,0,0,0,0, ,749.8,36.6,656.8,-0.6,1,-0.3,25,757.88,34.7355,648.466,-0.297476,2.38974,-3.53988,
2026_07_06_17_07_27.332,3.869,29.3,0,0.759,0,0,0,0.009, ,0,0,0,0,0, ,733.5,40.6,657.7,-1.3,1.4,-2.6,25,756.891,34.971,649.002,-0.337239,2.31724,-3.41253,
2026_07_06_17_07_27.354,3.869,29.3,0,0.76,0,0,0,0.009, ,0,0,0,0,0, ,748.1,36,651.9,-2.1,1,-4.6,25,755.91,35.1738,649.355,-0.420282,2.24916,-3.42395,
2026_07_06_17_07_27.372,3.869,29.3,0,0.758,0,0,0,0.009, ,0,0,0,0,0, ,757.6,32.2,643.9,-1.7,1.2,-3.3,25,755.724,35.1084,649.266,-0.510453,2.17913,-3.45601,
2026_07_06_17_07_27.394,3.869,29.3,0,0.76,0,0,0,0.009, ,0,0,0,0,0, ,743.7,34.6,634.6,-0.1,-1.9,-2,25,755.414,35.0043,648.656,-0.534191,2.02501,-3.40689,
2026_07_06_17_07_27.412,3.869,29.4,0,0.759,0,0,0,0.009, ,0,0,0,0,0, ,745.4,38.8,646.1,0.2,-5.1,-2.9,25,754.752,35.1076,648.15,-0.498592,1.68833,-3.34858,
2026_07_06_17_07_27.433,3.869,29.3,0,0.758,0,0,0,0.008, ,0,0,0,0,0, ,762.5,40,657.4,0,-0.7,-3.7,25,754.703,35.3692,648.369,-0.462115,1.40873,-3.34562,
2026_07_06_17_07_27.452,3.869,29.4,0,0.757,0,0,0,0.009, ,0,0,0,0,0, ,757.5,42.8,656,-1.2,2.2,-2.4,25,755.026,35.7367,648.877,-0.470517,1.36859,-3.32761,
2026_07_06_17_07_27.472,3.869,29.3,0,0.757,0,0,0,0.008, ,0,0,0,0,0, ,729.1,51.2,654.9,-1.7,1.3,-2.2,25,754.312,36.423,649.277,-0.530205,1.39183,-3.26499,
2026_07_06_17_07_27.492,3.869,29.4,0,0.757,0,0,0,0.009, ,0,0,0,0,0, ,730.8,45.7,653.1,-1.1,-1.9,-3.4,25,752.827,37.1559,649.565,-0.583208,1.28873,-3.23665,
2026_07_06_17_07_27.511,3.869,29.4,0,0.757,0,0,0,0.008, ,0,0,0,0,0, ,753.7,44.4,654,0.4,-0.2,-5.1,25,752.183,37.637,649.808,-0.568997,1.14622,-3.2984,
2026_07_06_17_07_27.531,3.869,29.4,0,0.759,0,0,0,0.008, ,0,0,0,0,0, ,772.4,35.1,645.9,0.2,-0.1,-4.7,25,752.845,37.7657,649.817,-0.516042,1.06723,-3.396,
2026_07_06_17_07_27.550,3.869,29.3,0,0.759,0,0,0,0.008, ,0,0,0,0,0, ,772.3,35.4,655.5,0.4,0.9,-1.9,25,754.033,37.6124,649.87,-0.466315,1.02657,-3.39015,
2026_07_06_17_07_27.571,3.869,29.3,0,0.757,0,0,0,0.009, ,0,0,0,0,0, ,752.1,40.6,643.5,-1.7,-1,0,25,754.531,37.6361,649.848,-0.477508,0.960967,-3.24145,
2026_07_06_17_07_27.591,3.869,29.4,0,0.759,0,0,0,0.009, ,0,0,0,0,0, ,745.6,45.2,660.4,-1.6,-0.2,-1.2,25,754.185,37.9568,649.976,-0.548957,0.865846,-3.08049,
2026_07_06_17_07_27.610,3.869,29.3,0,0.757,0,0,0,0.009, ,0,0,0,0,0, ,747.5,41.3,658,-0.7,1.4,-2.6,25,753.72,38.2794,650.538,-0.585583,0.849646,-3.00855,
2026_07_06_17_07_27.630,3.869,29.5,0,0.758,0,0,0,0.009, ,0,0,0,0,0, ,747.8,41.5,652.7,-0.7,1,-2.5,25,753.35,38.4695,650.831,-0.592555,0.870995,-2.98061,
2026_07_06_17_07_27.649,3.869,29.4,0,0.757,0,0,0,0.008, ,0,0,0,0,0, ,755.4,41.2,649.7,0,-1.3,-2,25,753.243,38.6451,650.854,-0.577774,0.808778,-2.93609,
2026_07_06_17_07_27.670,3.869,29.4,0,0.757,0,0,0,0.009, ,0,0,0,0,0, ,754.8,39.1,645.3,-0.4,-1,-0.5,25,753.356,38.7368,650.649,-0.554754,0.689415,-2.83334,
2026_07_06_17_07_27.689,3.869,29.5,0,0.759,0,0,0,0.009, ,0,0,0,0,0, ,749.2,42.9,644.8,0,-0.3,-0.9,25,753.274,38.8747,650.308,-0.533136,0.607795,-2.70334,
2026_07_06_17_07_27.710,3.869,29.3,0,0.759,0,0,0,0.008, ,0,0,0,0,0, ,741.9,44.3,660,0,0.4,-2.6,25,752.803,39.1626,650.436,-0.500648,0.573804,-2.64525,
2026_07_06_17_07_27.729,3.869,29.5,0,0.758,0,0,0,0.01, ,0,0,0,0,0, ,747.6,42.7,664.7,-0.3,-0.8,-3.2,25,752.312,39.4269,651.162,-0.47928,0.52665,-2.66077,
2026_07_06_17_07_27.749,3.869,29.4,0,0.757,0,0,0,0.008, ,0,0,0,0,0, ,753.9,40.7,656.7,-0.5,0.2,-2.8,25,752.217,39.5655,651.743,-0.474449,0.476276,-2.68144,
2026_07_06_17_07_27.769,3.869,29.5,0,0.757,0,0,0,0.009, ,0,0,0,0,0, ,755.8,40.1,641.2,-0.6,0.6,-1.6,25,752.378,39.6163,651.573,-0.479053,0.471628,-2.65211,
2026_07_06_17_07_27.788,3.869,29.5,0,0.758,0,0,0,0.008, ,0,0,0,0,0, ,750.2,43.5,643,0,-0.4,-1.8,25,752.415,39.7494,650.995,-0.468142,0.448982,-2.59409,
2026_07_06_17_07_27.808,3.869,29.4,0,0.758,0,0,0,0.008, ,0,0,0,0,0, ,748.4,41.2,648,0.1,0.5,-1.7,25,752.226,39.9079,650.661,-0.436568,0.424669,-2.54265,
2026_07_06_17_07_27.828,3.869,29.4,0,0.758,0,0,0,0.009, ,0,0,0,0,0, ,744.6,43,651.2,0.6,0,-2.6,25,751.877,40.0414,650.596,-0.388636,0.414025,-2.51872,
2026_07_06_17_07_27.848,3.869,29.3,0,0.758,0,0,0,0.009, ,0,0,0,0,0, ,753.5,42.1,661.2,0.6,-0.8,-2,25,751.704,40.1943,650.937,-0.328391,0.364421,-2.50539,
2026_07_06_17_07_27.867,3.869,29.5,0,0.759,0,0,0,0.01, ,0,0,0,0,0, ,752,42.3,664.1,-0.1,-0.4,-1.1,25,751.768,40.3165,651.651,-0.293146,0.305651,-2.44718,
2026_07_06_17_07_27.886,3.869,29.3,0,0.759,0,0,0,0.009, ,0,0,0,0,0, ,741.9,44.5,656,-0.1,0.8,-2.2,25,751.475,40.5044,652.163,-0.281376,0.299213,-2.3986,
2026_07_06_17_07_27.907,3.869,29.6,0,0.759,0,0,0,0.01, ,0,0,0,0,0, ,743.4,42.6,650.1,-0.7,0.4,-3.3,25,750.937,40.69,652.217,-0.288604,0.317542,-2.42001,
2026_07_06_17_07_27.926,3.869,29.4,0,0.759,0,0,0,0.008, ,0,0,0,0,0, ,753.1,43,652,-1,-2.1,-3,25,750.773,40.8186,652.146,-0.322814,0.246395,-2.46449,
2026_07_06_17_07_27.946,3.869,29.3,0,0.759,0,0,0,0.01, ,0,0,0,0,0, ,756.7,44.6,656.6,-0.7,-1.7,-1.5,25,751.025,41.0003,652.277,-0.35494,0.115599,-2.45142,
2026_07_06_17_07_27.967,3.869,29.4,0,0.759,0,0,0,0.01, ,0,0,0,0,0, ,754.3,42.7,652.5,-0.4,-1.2,-0.8,25,751.297,41.1617,652.416,-0.366826,0.0201956,-2.37212,
2026_07_06_17_07_27.986,3.869,29.5,0,0.758,0,0,0,0.01, ,0,0,0,0,0, ,744.2,44.4,659.5,0.4,-1,-0.9,25,751.173,41.3073,652.634,-0.344473,-0.0480663,-2.27936,
2026_07_06_17_07_28.005,3.869,29.5,0,0.757,0,0,0,0.009, ,0,0,0,0,0, ,745.1,46.1,664.5,-0.7,0.4,-1.9,25,750.775,41.5475,653.205,-0.332622,-0.0634185,-2.22578,
2026_07_06_17_07_28.025,3.869,29.5,0,0.758,0,0,0,0.009, ,0,0,0,0,0, ,748.5,42.3,651.6,-1.2,0.6,-2.7,25,750.533,41.7092,653.5,-0.370244,-0.0290852,-2.2303,
2026_07_06_17_07_28.046,3.869,29.4,0,0.758,0,0,0,0.009, ,0,0,0,0,0, ,744.9,40,647.7,-1.1,0.4,-2.4,25,750.299,41.6751,653.265,-0.41776,0.00315593,-2.24978,
2026_07_06_17_07_28.065,3.869,29.5,0,0.757,0,0,0,0.01, ,0,0,0,0,0, ,743.6,41.5,650.3,-0.8,-0.9,-2.1,25,749.931,41.6187,653.006,-0.450193,-0.0122708,-2.2498,
2026_07_06_17_07_28.085,3.869,29.6,0,0.757,0,0,0,0.009, ,0,0,0,0,0, ,747.6,46.3,645.2,0.1,-0.8,-2.9,25,749.667,41.7577,652.685,-0.444088,-0.0633199,-2.26504,
2026_07_06_17_07_28.109,3.869,29.4,0,0.758,0,0,0,0.008, ,0,0,0,0,0, ,750.6,42.9,646.3,0.1,1.1,-1.8,25,749.632,41.9309,652.263,-0.410932,-0.0503207,-2.27022,
2026_07_06_17_07_28.125,3.869,29.6,0,0.758,0,0,0,0.01, ,0,0,0,0,0, ,751.8,45.1,655,0,0.4,-2.2,25,749.728,42.057,652.164,-0.382844,-0.00155116,-2.25375,
2026_07_06_17_07_28.144,3.869,29.5,0,0.758,0,0,0,0.009, ,0,0,0,0,0, ,746.3,46.6,662.9,-0.2,-0.5,-1.9,25,749.686,42.2882,652.578,-0.365609,-0.00450351,-2.24134,
2026_07_06_17_07_28.164,3.869,29.5,0,0.759,0,0,0,0.009, ,0,0,0,0,0, ,746.5,45.7,663.9,-1.1,-0.6,-2.8,25,749.486,42.5235,653.237,-0.382939,-0.0377447,-2.24796,
2026_07_06_17_07_28.184,3.869,29.6,0,0.758,0,0,0,0.009, ,0,0,0,0,0, ,750.1,42.9,658.8,-1.3,-0.3,-2.6,25,749.414,42.6317,653.732,-0.432728,-0.0628665,-2.2755,
2026_07_06_17_07_28.203,3.869,29.6,0,0.759,0,0,0,0.009, ,0,0,0,0,0, ,743.4,43.2,646.6,-0.7,0.1,-2,25,749.252,42.6572,653.669,-0.467296,-0.0651293,-2.277,
2026_07_06_17_07_28.223,3.869,29.6,0,0.76,0,0,0,0.009, ,0,0,0,0,0, ,749.3,44.7,654.5,0,0,-2.3,25,749.075,42.736,653.479,-0.460149,-0.0581136,-2.26926,
2026_07_06_17_07_28.243,3.869,29.6,0,0.758,0,0,0,0.009, ,0,0,0,0,0, ,748,47.4,653.8,-0.5,-0.9,-2.1,25,749.049,42.938,653.52,-0.447343,-0.0819942,-2.26504,
2026_07_06_17_07_28.262,3.869,29.6,0,0.757,0,0,0,0.009, ,0,0,0,0,0, ,749.7,47.1,660.5,-1.4,-1.2,-2.2,25,749.037,43.2007,653.741,-0.477973,-0.140982,-2.25803,
2026_07_06_17_07_28.283,3.869,29.6,0,0.757,0,0,0,0.009, ,0,0,0,0,0, ,750.1,47.1,653.5,-1.8,-1.1,-2,25,749.089,43.4383,653.94,-0.546347,-0.202469,-2.2484,
2026_07_06_17_07_28.302,3.869,29.5,0,0.759,0,0,0,0.009, ,0,0,0,0,0, ,747.8,46.8,656.8,-2.6,-1.1,-2.1,25,749.081,43.6523,654.013,-0.647116,-0.257162,-2.23631,
2026_07_06_17_07_28.322,3.869,29.5,0,0.758,0,0,0,0.01, ,0,0,0,0,0, ,749.5,45.8,655,-0.7,0,-2,25,749.055,43.8137,654.128,-0.70823,-0.275007,-2.22496,
2026_07_06_17_07_28.342,3.869,29.5,0,0.755,0,0,0,0.01, ,0,0,0,0,0, ,746.7,44,649.1,-0.7,0.2,-2.1,25,748.996,43.8799,654.002,-0.707728,-0.252155,-2.21429,
2026_07_06_17_07_28.361,3.869,29.7,0,0.759,0,0,0,0.01, ,0,0,0,0,0, ,750.3,43.9,653.8,-0.5,0.7,-2.5,25,748.966,43.8841,653.846,-0.701163,-0.209368,-2.21952,
2026_07_06_17_07_28.382,3.869,29.6,0,0.757,0,0,0,0.008, ,0,0,0,0,0, ,744.1,42.7,653.8,0,0.4,-1.6,25,748.859,43.8485,653.843,-0.673671,-0.163094,-2.20919,
2026_07_06_17_07_28.401,3.869,29.7,0,0.76,0,0,0,0.009, ,0,0,0,0,0, ,743.7,45.5,658.6,0.1,-0.7,-2.4,25,748.556,43.8639,653.987,-0.629572,-0.162296,-2.19644,
2026_07_06_17_07_28.421,3.869,29.7,0,0.758,0,0,0,0.008, ,0,0,0,0,0, ,753.5,48.9,656.1,-0.9,-0.2,-2.2,25,748.559,44.0672,654.192,-0.615582,-0.179828,-2.20275,
2026_07_06_17_07_28.440,3.869,29.6,0,0.759,0,0,0,0.008, ,0,0,0,0,0, ,749.7,46,657.3,-1.2,-0.5,-1.7,25,748.744,44.2733,654.345,-0.642055,-0.190198,-2.18735,
2026_07_06_17_07_28.461,3.869,29.7,0,0.757,0,0,0,0.009, ,0,0,0,0,0, ,744,42.9,654.9,-0.8,-1.2,-1.8,25,748.629,44.2841,654.452,-0.663867,-0.230404,-2.1607,
2026_07_06_17_07_28.480,3.869,29.6,0,0.761,0,0,0,0.008, ,0,0,0,0,0, ,744,47.4,655.3,-0.7,-1.8,-2,25,748.347,44.3368,654.491,-0.669116,-0.30777,-2.14481,
2026_07_06_17_07_28.500,3.869,29.6,0,0.759,0,0,0,0.009, ,0,0,0,0,0, ,751.3,43,649.7,-1,0.1,-2.6,25,748.304,44.3894,654.37,-0.680138,-0.340812,-2.15427,
2026_07_06_17_07_28.520,3.869,29.7,0,0.759,0,0,0,0.009, ,0,0,0,0,0, ,750.9,42.6,648.8,0,1.1,-1.9,25,748.475,44.2926,654.058,-0.669161,-0.283482,-2.1601,
2026_07_06_17_07_28.540,3.869,29.7,0,0.759,0,0,0,0.008, ,0,0,0,0,0, ,744.8,46.7,650.3,0.2,0.2,-1.4,25,748.437,44.3144,653.783,-0.62229,-0.226598,-2.12902,
2026_07_06_17_07_28.560,3.869,29.6,0,0.759,0,0,0,0.009, ,0,0,0,0,0, ,749.3,48.9,658.3,-0.4,-1.2,-2.2,25,748.352,44.5268,653.815,-0.590463,-0.243258,-2.10897,
2026_07_06_17_07_28.580,3.869,29.6,0,0.76,0,0,0,0.009, ,0,0,0,0,0, ,749.7,47.7,663.6,-1.3,-0.9,-1.7,25,748.422,44.7567,654.249,-0.606279,-0.292419,-2.09928,
2026_07_06_17_07_28.600,3.869,29.6,0,0.756,0,0,0,0.009, ,0,0,0,0,0, ,748,45.7,656,-0.8,-0.7,-1.6,25,748.448,44.8751,654.588,-0.633318,-0.32335,-2.0719,
2026_07_06_17_07_28.619,3.869,29.6,0,0.759,0,0,0,0.009, ,0,0,0,0,0, ,746.5,48.5,655.1,-0.7,-0.2,-1.7,25,748.375,45.0107,654.646,-0.640428,-0.331067,-2.04619,
2026_07_06_17_07_28.639,3.869,29.6,0,0.76,0,0,0,0.009, ,0,0,0,0,0, ,747.6,46.5,651.7,-1.1,0.6,-2.7,25,748.294,45.1624,654.57,-0.656246,-0.298705,-2.05557,
2026_07_06_17_07_28.658,3.869,29.7,0,0.759,0,0,0,0.01, ,0,0,0,0,0, ,740.2,42.2,650.6,-0.9,0.5,-2.7,25,748.027,45.1129,654.362,-0.677194,-0.246987,-2.09484,
2026_07_06_17_07_28.679,3.869,29.6,0,0.759,0,0,0,0.009, ,0,0,0,0,0, ,747.6,48.4,651.2,-0.2,0.3,-4.2,25,747.775,45.1243,654.151,-0.669443,-0.207562,-2.17742,
2026_07_06_17_07_28.698,3.869,29.7,0,0.759,0,0,0,0.01, ,0,0,0,0,0, ,749.6,47.1,663.4,-0.6,-0.7,-3.3,25,747.825,45.2843,654.343,-0.653024,-0.207101,-2.27325,
2026_07_06_17_07_28.718,3.869,29.6,0,0.757,0,0,0,0.009, ,0,0,0,0,0, ,759.5,47.3,655.1,-1.1,1,-2.1,25,748.235,45.401,654.642,-0.665027,-0.18534,-2.29925,
2026_07_06_17_07_28.737,3.869,29.6,0,0.759,0,0,0,0.01, ,0,0,0,0,0, ,745.8,44.6,647.5,-0.9,1.4,-1.2,25,748.504,45.4345,654.438,-0.685439,-0.100921,-2.25969,
2026_07_06_17_07_28.757,3.869,29.7,0,0.759,0,0,0,0.01, ,0,0,0,0,0, ,737.4,46.6,655.2,-0.1,-0.5,-1.1,25,748.084,45.4446,654.25,-0.674139,-0.0673492,-2.19207,
2026_07_06_17_07_28.777,3.869,29.8,0,0.759,0,0,0,0.009, ,0,0,0,0,0, ,745.4,47.7,673.7,-0.9,-2.2,-1.5,25,747.676,45.5485,654.872,-0.663527,-0.145511,-2.13771,
2026_07_06_17_07_28.797,3.869,29.7,0,0.759,0,0,0,0.008, ,0,0,0,0,0, ,751.7,48.3,665.1,-1.2,-0.6,-1.5,25,747.729,45.6979,655.757,-0.687078,-0.221956,-2.09885,
2026_07_06_17_07_28.816,3.869,29.6,0,0.76,0,0,0,0.009, ,0,0,0,0,0, ,741.4,44.6,651.8,-1.4,0.3,-1.9,25,747.658,45.7437,655.921,-0.724428,-0.217571,-2.07454,
2026_07_06_17_07_28.836,3.869,29.7,0,0.76,0,0,0,0.01, ,0,0,0,0,0, ,744,46.7,649.2,-1.3,-1.4,-2.5,25,747.356,45.738,655.591,-0.762549,-0.237829,-2.08219,
2026_07_06_17_07_28.856,3.869,29.7,0,0.756,0,0,0,0.009, ,0,0,0,0,0, ,753,46.9,657.9,-1.2,-1.5,-2,25,747.425,45.8027,655.466,-0.792253,-0.311695,-2.09241,
2026_07_06_17_07_28.876,3.869,29.7,0,0.759,0,0,0,0.009, ,0,0,0,0,0, ,748.5,47.3,658.3,-0.9,-1.3,-1.4,25,747.628,45.8818,655.627,-0.807959,-0.378014,-2.0685,
2026_07_06_17_07_28.895,3.869,29.7,0,0.759,0,0,0,0.009, ,0,0,0,0,0, ,741.2,45.6,658.3,-1.2,-1.3,-1.3,25,747.459,45.9164,655.79,-0.822709,-0.434197,-2.02472,
2026_07_06_17_07_28.916,3.869,29.7,0,0.759,0,0,0,0.009, ,0,0,0,0,0, ,738,46.2,658.6,-1.2,-1.2,-3.3,25,746.98,45.9154,655.952,-0.8457,-0.48391,-2.04149,
2026_07_06_17_07_28.936,3.869,29.7,0,0.76,0,0,0,0.009, ,0,0,0,0,0, ,752.9,47.3,656.2,-1.5,-1.4,-3,25,746.886,45.9663,656.04,-0.876431,-0.533641,-2.10904,
2026_07_06_17_07_28.956,3.869,29.8,0,0.759,0,0,0,0.009, ,0,0,0,0,0, ,752.8,50.1,656.2,-1,-1.4,-2.3,25,747.25,46.1328,656.05,-0.899195,-0.586435,-2.14201,
2026_07_06_17_07_28.975,3.869,29.8,0,0.759,0,0,0,0.008, ,0,0,0,0,0, ,750.7,47.9,666.6,-0.9,-1.5,-2.3,25,747.524,46.3076,656.376,-0.902291,-0.639058,-2.15163,
2026_07_06_17_07_28.995,3.869,29.7,0,0.755,0,0,0,0.008, ,0,0,0,0,0, ,743.6,46.6,657.9,-1.7,-2.3,-2.2,25,747.501,46.365,656.734,-0.926526,-0.715897,-2.15763,
2026_07_06_17_07_29.014,3.869,29.8,0,0.759,0,0,0,0.009, ,0,0,0,0,0, ,750.2,45.4,645.3,-2,-0.8,-2.9,25,747.465,46.3428,656.421,-0.982801,-0.766725,-2.18154,
2026_07_06_17_07_29.034,3.869,29.8,0,0.76,0,0,0,0.009, ,0,0,0,0,0, ,758.6,42.7,648.1,-1.4,1.8,-2.2,25,747.887,46.203,655.829,-1.0265,-0.689534,-2.20399,
2026_07_06_17_07_29.054,3.869,29.7,0,0.757,0,0,0,0.009, ,0,0,0,0,0, ,753.5,44.9,638.4,-0.9,0.3,-1.1,25,748.385,46.0566,655.062,-1.03403,-0.583531,-2.17023,
2026_07_06_17_07_29.074,3.869,29.8,0,0.758,0,0,0,0.009, ,0,0,0,0,0, ,743.7,46.5,650.5,-0.3,-0.7,-1,25,748.398,46.0349,654.415,-1.00758,-0.56016,-2.10197,
2026_07_06_17_07_29.094,3.869,29.8,0,0.759,0,0,0,0.009, ,0,0,0,0,0, ,742.4,45.7,663.5,-0.6,-1.6,-1.5,25,748.072,46.0388,654.573,-0.973604,-0.596103,-2.05005,
2026_07_06_17_07_29.113,3.869,29.9,0,0.757,0,0,0,0.009, ,0,0,0,0,0, ,746.2,46.3,666.1,-0.5,-1.6,-1.3,25,747.842,46.0365,655.196,-0.947791,-0.657278,-2.01044,
2026_07_06_17_07_29.133,3.869,29.8,0,0.757,0,0,0,0.008, ,0,0,0,0,0, ,742.9,46,655.6,-1.4,-0.9,-1.4,25,747.641,46.0434,655.541,-0.947925,-0.693397,-1.97019,
2026_07_06_17_07_29.153,3.869,29.8,0,0.757,0,0,0,0.009, ,0,0,0,0,0, ,751.5,44.9,649.2,-1.2,-1.5,-2.5,25,747.615,46.0072,655.349,-0.96938,-0.724268,-1.96896,
2026_07_06_17_07_29.174,3.869,29.8,0,0.759,0,0,0,0.009, ,0,0,0,0,0, ,755.8,46.6,655.5,-1,-1.2,-1.6,25,747.982,45.9916,655.167,-0.977339,-0.762399,-1.9739,
2026_07_06_17_07_29.193,3.869,29.8,0,0.759,0,0,0,0.009, ,0,0,0,0,0, ,751.3,43.4,654,-1.1,0.1,-1.4,25,748.322,45.9311,655.141,-0.981767,-0.749456,-1.94502,
2026_07_06_17_07_29.212,3.869,29.8,0,0.759,0,0,0,0.009, ,0,0,0,0,0, ,742.1,46.5,651.3,-0.9,-0.7,-1.6,25,748.223,45.8713,654.989,-0.982878,-0.722067,-1.9179,
2026_07_06_17_07_29.231,3.869,29.8,0,0.757,0,0,0,0.009, ,0,0,0,0,0, ,752.9,48.3,656.7,-0.2,-0.7,-2.7,25,748.179,45.9645,654.929,-0.9565,-0.720722,-1.93205,
2026_07_06_17_07_29.251,3.869,29.9,0,0.757,0,0,0,0.009, ,0,0,0,0,0, ,760.1,44.4,654.5,-0.6,0,-1.5,25,748.686,45.988,654.97,-0.922588,-0.698131,-1.94228,
2026_07_06_17_07_29.272,3.869,29.8,0,0.757,0,0,0,0.008, ,0,0,0,0,0, ,744.6,43.3,652.4,-0.8,0.5,-0.6,25,748.909,45.8577,654.877,-0.909024,-0.640355,-1.88791,
2026_07_06_17_07_29.291,3.869,29.8,0,0.758,0,0,0,0.009, ,0,0,0,0,0, ,741.2,44.4,651.4,-1.2,-1.4,-1.3,25,748.543,45.7354,654.696,-0.914568,-0.628755,-1.83075,
2026_07_06_17_07_29.311,3.869,29.8,0,0.759,0,0,0,0.009, ,0,0,0,0,0, ,755.3,45.8,649.1,-1.1,-0.7,-1.7,25,748.525,45.6966,654.425,-0.928915,-0.654424,-1.8106,
2026_07_06_17_07_29.330,3.869,29.9,0,0.759,0,0,0,0.009, ,0,0,0,0,0, ,752,45,655.5,-0.6,-0.7,-0.5,25,748.837,45.6786,654.295,-0.924106,-0.657202,-1.7673,
2026_07_06_17_07_29.350,3.869,29.8,0,0.761,0,0,0,0.008, ,0,0,0,0,0, ,738,47.4,653.8,-0.2,-1.2,-1.2,25,748.604,45.7103,654.317,-0.892168,-0.675044,-1.7114,
2026_07_06_17_07_29.370,3.869,29.9,0,0.757,0,0,0,0.009, ,0,0,0,0,0, ,747.8,52.8,651.9,-0.5,-3.1,-3.4,25,748.256,45.9778,654.228,-0.85913,-0.764924,-1.74727,
2026_07_06_17_07_29.390,3.869,29.9,0,0.76,0,0,0,0.008, ,0,0,0,0,0, ,767,56.8,668.5,-0.6,-4.3,-3.6,25,748.813,46.5154,654.592,-0.840292,-0.94378,-1.85407,
2026_07_06_17_07_29.409,3.869,29.9,0,0.759,0,0,0,0.008, ,0,0,0,0,0, ,768,59.6,685.5,-0.6,-9.1,-1,25,749.952,47.2275,655.957,-0.825649,-1.29455,-1.88125,
2026_07_06_17_07_29.429,3.869,29.9,0,0.759,0,0,0,0.008, ,0,0,0,0,0, ,756.8,65.1,682.7,-0.1,-14.3,-1.3,25,750.71,48.149,657.672,-0.796664,-1.92863,-1.83669,
2026_07_06_17_07_29.450,3.869,29.9,0,0.76,0,0,0,0.008, ,0,0,0,0,0, ,776,57.2,687,-2.2,-19.6,-1.1,25,751.667,48.9412,659.328,-0.818196,-2.844,-1.79789,
2026_07_06_17_07_29.469,3.869,29.9,0,0.759,0,0,0,0.008, ,0,0,0,0,0, ,797.2,19.8,672.1,-1.9,-27.3,-0.1,25,753.795,48.305,660.56,-0.893259,-4.09967,-1.72489,
2026_07_06_17_07_29.489,3.869,29.9,0,0.757,0,0,0,0.008, ,0,0,0,0,0, ,837.2,34.1,637.2,-9.1,-36.6,-2,25,757.659,47.0037,660.2,-1.17398,-5.7968,-1.68377,
2026_07_06_17_07_29.508,3.869,29.9,0,0.759,0,0,0,0.008, ,0,0,0,0,0, ,865.2,29.2,617.9,1.3,-56.9,7.6,25,763.359,46.068,658.211,-1.3401,-8.29239,-1.41054,
2026_07_06_17_07_29.531,3.869,29.9,0,0.761,0,0,0,0.008, ,0,0,0,0,0, ,888.3,26,570.9,6.4,-84.9,16,25,770.269,44.9427,654.322,-1.02383,-12.1075,-0.60552,
2026_07_06_17_07_29.549,3.869,30,0,0.758,0,0,0,0.008, ,0,0,0,0,0, ,853,50.9,571.7,8.5,-128.1,22.3,25,776.386,44.547,649.263,-0.507453,-17.8596,0.598332,
2026_07_06_17_07_29.569,3.869,30,0,0.759,0,0,0,0.007, ,0,0,0,0,0, ,872.8,45,590.2,9.9,-156.4,25.9,25,781.658,44.7544,645.1,0.0840944,-25.4396,2.03046,
2026_07_06_17_07_29.589,3.869,30,0,0.758,0,0,0,0, ,0,0,0,0,0, ,896.4,37.2,571.5,6.3,-171.3,23.8,25,787.931,44.5317,641.185,0.572564,-33.874,3.42103,
2026_07_06_17_07_29.608,3.869,30,0,0.76,0,0,0,0, ,0,0,0,0,0, ,919.4,22.4,515.3,7.1,-173,25.4,25,795.242,43.634,635.226,0.945954,-42.3002,4.71162,
2026_07_06_17_07_29.627,3.869,29.9,0,0.759,0,0,0,0, ,0,0,0,0,0, ,919.4,7.9,425.6,5.1,-176.2,25.4,25,802.807,41.8982,625.185,1.26003,-50.3622,5.97232,
2026_07_06_17_07_29.647,3.869,30,0,0.759,0,0,0,0, ,0,0,0,0,0, ,902.9,0.9,364.5,5.6,-192.1,25.5,25,809.41,39.6132,611.161,1.50926,-58.5149,7.15924,
2026_07_06_17_07_29.667,3.869,30,0,0.758,0,0,0,0, ,0,0,0,0,0, ,910.1,3.7,294.3,0.4,-215.3,24.5,25,815.326,37.3394,593.991,1.6001,-67.3621,8.24641,
2026_07_06_17_07_29.686,3.869,30,0,0.758,0,0,0,0, ,0,0,0,0,0, ,940.9,-22.5,202.3,0.1,-206.5,24.1,25,822.04,34.4912,572.926,1.51783,-76.109,9.22468,
2026_07_06_17_07_29.707,3.869,30,0,0.76,0,0,0,0, ,0,0,0,0,0, ,950.6,-20.6,140.5,40.2,-189.8,19.9,25,829.578,31.0762,548.458,2.65323,-83.5458,10.0032,
2026_07_06_17_07_29.730,3.869,30,0,0.759,0,0,0,0, ,0,0,0,0,0, ,910.2,-24.5,25.7,24,-181.2,18.5,25,835.722,27.8084,520.1,4.44764,-89.7587,10.5636,
2026_07_06_17_07_29.746,3.869,30,0,0.758,0,0,0,0, ,0,0,0,0,0, ,914.9,-32.3,1.2,23.5,-182.6,18.4,25,840.404,24.3832,489.226,5.62388,-95.3735,11.0442,
2026_07_06_17_07_29.766,3.869,30,0,0.76,0,0,0,0, ,0,0,0,0,0, ,945.9,-55.5,-15.8,14,-181.2,17.4,25,845.888,20.2222,458.969,6.42375,-100.646,11.462,
2026_07_06_17_07_29.785,3.869,29.9,0,0.759,0,0,0,0, ,0,0,0,0,0, ,940.1,-68.6,-68.2,-0.4,-162.5,20.3,25,851.806,15.2087,428.441,6.44668,-104.985,11.9122,
2026_07_06_17_07_29.806,3.869,30,0,0.758,0,0,0,0, ,0,0,0,0,0, ,883.3,-58.1,-149.1,-4.3,-129.4,18.1,25,855.456,10.4215,395.712,5.91063,-107.482,12.3563,
2026_07_06_17_07_29.827,3.869,30,0,0.759,0,0,0,0, ,0,0,0,0,0, ,897.4,-39.4,-265.2,-2.2,-122.2,10.9,25,857.582,6.81577,358.975,5.35241,-108.598,12.4869,
2026_07_06_17_07_29.845,3.869,30,0,0.759,0,0,0,0, ,0,0,0,0,0, ,984.6,-93.9,-231.4,-10.2,-137.4,13.7,25,862.665,2.33895,321.97,4.64843,-109.89,12.4755,
2026_07_06_17_07_29.864,3.869,30.1,0,0.759,0,0,0,0, ,0,0,0,0,0, ,858.6,-25.8,-293.8,-2,-118.7,-1.7,25,866.257,-1.45069,286.347,3.99345,-110.996,12.0809,
2026_07_06_17_07_29.885,3.869,30.1,0,0.757,0,0,0,0, ,0,0,0,0,0, ,913,-67.8,-334.2,24.9,-113.8,-23.3,25,867.447,-4.21416,249.764,4.44783,-111.317,10.583,
2026_07_06_17_07_29.904,3.869,30.1,0,0.759,0,0,0,0, ,0,0,0,0,0, ,904.5,-84.8,-399.9,14.1,-128.2,-16,25,869.964,-8.60689,212.177,5.36507,-111.907,8.74069,
2026_07_06_17_07_29.925,3.869,30,0,0.758,0,0,0,0, ,0,0,0,0,0, ,832,-63.5,-445,6.6,-141.7,-12.4,25,869.86,-12.6009,173.504,5.66884,-113.311,7.34274,
2026_07_06_17_07_29.944,3.869,30,0,0.758,0,0,0,0, ,0,0,0,0,0, ,848.7,-72.8,-426.8,7.4,-133.1,-9.2,25,868.062,-15.9859,136.369,5.74996,-114.779,6.23717,
2026_07_06_17_07_29.964,3.869,30,0,0.757,0,0,0,0, ,0,0,0,0,0, ,851.6,-81.9,-448.9,-2.3,-110.3,-2.3,25,866.97,-19.7253,101.377,5.55496,-115.201,5.5067,
2026_07_06_17_07_29.983,3.869,30,0,0.757,0,0,0,0, ,0,0,0,0,0, ,781.7,-79.4,-535.1,-11.9,-94.6,4,25,863.904,-23.4379,65.2182,4.7838,-114.424,5.22293,
2026_07_06_17_07_30.002,3.869,30.1,0,0.758,0,0,0,0, ,0,0,0,0,0, ,748,-46.3,-554.8,-19.4,-97.9,1.5,25,857.868,-25.8396,28.036,3.53862,-113.316,5.07224,
2026_07_06_17_07_30.023,3.869,30.1,0,0.761,0,0,0,0, ,0,0,0,0,0, ,770,-48.2,-574.2,-25.1,-116.3,-1.1,25,851.843,-27.1443,-8.07162,1.96712,-112.937,4.77534,
2026_07_06_17_07_30.043,3.869,30,0,0.759,0,0,0,0, ,0,0,0,0,0, ,754.2,-42.7,-647.7,-28.2,-125.9,0,25,846.374,-28.2598,-44.8095,0.223267,-113.435,4.45082,
2026_07_06_17_07_30.064,3.869,30,0,0.76,0,0,0,0, ,0,0,0,0,0, ,726.3,-38.6,-674.9,-19.5,-121.7,-1.4,25,839.907,-29.0148,-82.3769,-1.2437,-114.066,4.13695,
2026_07_06_17_07_30.082,3.869,30,0,0.759,0,0,0,0, ,0,0,0,0,0, ,738,-35.6,-696.6,-15,-106.1,-6.7,25,833.341,-29.5075,-119.145,-2.21908,-114.056,3.63805,
2026_07_06_17_07_30.102,3.869,30,0,0.759,0,0,0,0, ,0,0,0,0,0, ,748.6,-53.8,-726.8,-16.8,-87.4,-2.3,25,827.854,-30.4333,-155.254,-3.05276,-113.002,3.14214,
2026_07_06_17_07_30.122,3.869,30,0,0.758,0,0,0,0, ,0,0,0,0,0, ,707.1,-43,-739.1,-17,-69.8,8.2,25,821.76,-31.5281,-190.457,-3.89658,-110.905,3.13043,
2026_07_06_17_07_30.142,3.869,30.1,0,0.758,0,0,0,0, ,0,0,0,0,0, ,650.2,-17.7,-743.7,-13.2,-45.9,4,25,813.039,-31.4564,-224.03,-4.57929,-107.672,3.31139,
2026_07_06_17_07_30.161,3.869,30.1,0,0.759,0,0,0,0, ,0,0,0,0,0, ,582.3,-11.9,-791.9,-8.2,-54,-8.1,25,801.047,-30.4414,-257.166,-4.95227,-104.155,2.98468,
2026_07_06_17_07_30.181,3.869,30,0,0.759,0,0,0,0, ,0,0,0,0,0, ,596.1,-13.7,-791.9,-14.9,-71.4,-3.9,25,788.138,-29.3663,-289.752,-5.35432,-101.629,2.43718,
2026_07_06_17_07_30.201,3.869,30.1,0,0.759,0,0,0,0, ,0,0,0,0,0, ,620.1,-16.6,-795.2,-15.2,-55.6,-4.5,25,777.167,-28.5,-320.452,-5.94515,-99.3052,2.03272,
2026_07_06_17_07_30.221,3.869,30,0,0.758,0,0,0,0, ,0,0,0,0,0, ,600,-17.2,-836.7,-11.2,-27.1,-5.3,25,766.983,-27.7932,-350.646,-6.38724,-95.7735,1.61026,
2026_07_06_17_07_30.240,3.869,30.1,0,0.758,0,0,0,0, ,0,0,0,0,0, ,552.2,-0.9,-809.8,-3.8,-19.6,-7.4,25,755.351,-26.651,-379.445,-6.45505,-91.3602,1.12518,
2026_07_06_17_07_30.260,3.869,30,0,0.759,0,0,0,0, ,0,0,0,0,0, ,542.7,7.3,-801.2,-2.8,-26.1,-8.4,25,742.682,-24.8319,-405.408,-6.26279,-87.1854,0.57521,
2026_07_06_17_07_30.280,3.869,30.1,0,0.758,0,0,0,0, ,0,0,0,0,0, ,580.9,-2,-824.7,-7,-38.6,-9.5,25,731.66,-23.1573,-430.243,-6.17974,-83.8438,-0.00523197,
2026_07_06_17_07_30.300,3.869,30,0,0.758,0,0,0,0, ,0,0,0,0,0, ,611.9,-10.1,-818.1,-7.2,-24.9,-7,25,723.417,-22.1148,-454.079,-6.23582,-80.6694,-0.507647,
2026_07_06_17_07_30.320,3.869,30,0,0.758,0,0,0,0, ,0,0,0,0,0, ,617.3,-2,-803.9,-6.1,8.2,-5.1,25,716.786,-21.1358,-475.829,-6.26106,-76.2624,-0.845385,
2026_07_06_17_07_30.342,3.869,30,0,0.758,0,0,0,0, ,0,0,0,0,0, ,619.5,3.2,-810.3,-8,41.7,-3.9,25,710.791,-19.8113,-496.016,-6.30914,-70.0948,-1.06809,
2026_07_06_17_07_30.358,3.869,30,0,0.759,0,0,0,0, ,0,0,0,0,0, ,571.6,16.3,-857,-4.8,45.7,-5.8,25,703.768,-18.0099,-516.59,-6.31467,-63.1604,-1.29855,
2026_07_06_17_07_30.379,3.869,30,0,0.759,0,0,0,0, ,0,0,0,0,0, ,583.2,12.8,-845.9,-4.7,16,-5.8,25,696.068,-16.0258,-536.996,-6.21933,-57.4317,-1.57286,
2026_07_06_17_07_30.398,3.869,30.1,0,0.759,0,0,0,0, ,0,0,0,0,0, ,632.2,13.4,-814.6,-2.3,4.4,-3.7,25,690.683,-14.2509,-554.866,-6.05362,-53.3104,-1.76646,
2026_07_06_17_07_30.418,3.869,30.1,0,0.758,0,0,0,0, ,0,0,0,0,0, ,690.3,3.1,-771.3,-2.3,32.3,-0.7,25,688.889,-12.8798,-569.374,-5.82488,-48.9435,-1.79288,
2026_07_06_17_07_30.438,3.869,30,0,0.758,0,0,0,0, ,0,0,0,0,0, ,732.5,8.9,-756.7,-1.8,90.2,1,25,690.261,-11.7293,-581.234,-5.59485,-42.2286,-1.67449,
2026_07_06_17_07_30.458,3.869,30,0,0.758,0,0,0,0, ,0,0,0,0,0, ,749.8,22.5,-748.2,3.8,164.6,-3.6,25,693.362,-10.0578,-591.668,-5.19298,-31.8919,-1.65167,
2026_07_06_17_07_30.478,3.869,30.1,0,0.759,0,0,0,0, ,0,0,0,0,0, ,734.9,5.2,-700.6,8.1,212.4,-6.4,25,696.347,-8.60095,-599.756,-4.51395,-18.4618,-1.85571,
2026_07_06_17_07_30.497,3.869,30.1,0,0.759,0,0,0,0, ,0,0,0,0,0, ,753.5,7.2,-650.3,5.8,225,-6.1,25,699.263,-7.69902,-604.369,-3.81537,-4.00971,-2.12348,
2026_07_06_17_07_30.517,3.869,30.1,0,0.759,0,0,0,0, ,0,0,0,0,0, ,824.5,-5.8,-586.7,3.6,198.5,-1.4,25,704.732,-7.18721,-605.23,-3.29646,9.13814,-2.2226,
2026_07_06_17_07_30.543,3.869,30.1,0,0.759,0,0,0,0, ,0,0,0,0,0, ,839.2,-13.7,-531.4,-0.2,177.2,8.9,25,712.478,-7.34338,-602.416,-2.99199,20.0284,-1.85864,
2026_07_06_17_07_30.557,3.869,30.2,0,0.755,0,0,0,0, ,0,0,0,0,0, ,889.7,-5.7,-485.8,-1,190.5,9.3,25,721.739,-7.48698,-596.699,-2.84623,30.0113,-1.19085,
2026_07_06_17_07_30.577,3.869,30,0,0.759,0,0,0,0, ,0,0,0,0,0, ,903.8,3.5,-438.2,-1.5,215.7,3.2,25,732.403,-7.09778,-588.491,-2.74896,40.5589,-0.737424,
2026_07_06_17_07_30.596,3.869,30,0,0.759,0,0,0,0, ,0,0,0,0,0, ,895,3.5,-374.6,-6.1,220.4,-4.9,25,742.58,-6.45197,-577.394,-2.81301,51.3747,-0.744284,
2026_07_06_17_07_30.617,3.869,30,0,0.759,0,0,0,0, ,0,0,0,0,0, ,941.1,6.5,-303.7,-8.2,206.8,-5.6,25,753.273,-5.75412,-562.876,-3.07729,61.2603,-1.01885,
2026_07_06_17_07_30.635,3.869,30.2,0,0.758,0,0,0,0, ,0,0,0,0,0, ,949.2,-0.4,-222.7,-7.7,189.1,-7,25,764.965,-5.21762,-544.615,-3.37422,69.5899,-1.34067,
2026_07_06_17_07_30.656,3.869,30.1,0,0.758,0,0,0,0, ,0,0,0,0,0, ,970.5,0,-154.7,-8.7,181.5,-6.9,25,776.841,-4.91186,-522.926,-3.66829,76.6409,-1.68249,
2026_07_06_17_07_30.675,3.869,30,0,0.758,0,0,0,0, ,0,0,0,0,0, ,1010.1,-6.4,-110.7,-7.2,188.5,-5.3,25,789.849,-4.80754,-499.147,-3.92921,83.2441,-1.95168,
2026_07_06_17_07_30.695,3.869,30.1,0,0.757,0,0,0,0, ,0,0,0,0,0, ,986.5,0.6,-93.9,-5.9,195.9,-7.3,25,802.551,-4.6913,-474.964,-4.08891,89.8836,-2.21666,
2026_07_06_17_07_30.715,3.869,30.1,0,0.757,0,0,0,0, ,0,0,0,0,0, ,954.1,3,-29.5,-1.6,189.1,-9.9,25,812.773,-4.29574,-449.781,-4.06826,96.1368,-2.60564,
2026_07_06_17_07_30.735,3.869,30,0,0.759,0,0,0,0, ,0,0,0,0,0, ,951.5,6.8,59.9,0.2,171.3,-8.7,25,821.306,-3.73537,-421.446,-3.86301,101.259,-3.01358,
2026_07_06_17_07_30.760,3.869,30.1,0,0.759,0,0,0,0, ,0,0,0,0,0, ,966.6,19.1,141.8,1.1,163.6,-7,25,829.7,-2.71861,-389.619,-3.588,105.293,-3.3083,
2026_07_06_17_07_30.775,3.869,30.1,0,0.758,0,0,0,0, ,0,0,0,0,0, ,958,11.9,195.9,2,168.8,-9.5,25,837.78,-1.60841,-355.587,-3.2749,109.004,-3.60943,
2026_07_06_17_07_30.794,3.869,30,0,0.759,0,0,0,0, ,0,0,0,0,0, ,921.1,0.9,239.7,2.1,173.4,-10.9,25,843.982,-1.1204,-320.646,-2.95041,112.788,-4.01105,
2026_07_06_17_07_30.815,3.869,30,0,0.758,0,0,0,0, ,0,0,0,0,0, ,868,7.8,291.8,2.2,165.4,-10.4,25,847.063,-0.787046,-284.913,-2.63961,116.238,-4.41561,
2026_07_06_17_07_30.835,3.869,30,0,0.759,0,0,0,0, ,0,0,0,0,0, ,840.9,28.4,341.9,3.5,145.1,-12.8,25,847.513,0.363884,-248.243,-2.30508,118.615,-4.85341,
2026_07_06_17_07_30.854,3.869,30.1,0,0.758,0,0,0,0, ,0,0,0,0,0, ,848.9,21.3,393.7,6.5,124.8,-13.2,25,847.354,1.85601,-210.703,-1.85993,119.611,-5.34984,
2026_07_06_17_07_30.873,3.869,30.1,0,0.757,0,0,0,0, ,0,0,0,0,0, ,829.5,28,428.2,13.4,112.9,-12.8,25,846.857,3.24501,-172.821,-1.14026,119.564,-5.81602,
2026_07_06_17_07_30.895,3.869,30.1,0,0.759,0,0,0,0, ,0,0,0,0,0, ,803.8,29.2,441.5,17.5,105.8,-13.5,25,845.017,4.79008,-135.791,-0.129294,118.942,-6.26294,
2026_07_06_17_07_30.914,3.869,30.1,0,0.759,0,0,0,0, ,0,0,0,0,0, ,759.2,43.9,482.6,19.8,83.3,-14,25,841.146,6.72545,-99.3598,1.01507,117.456,-6.71918,
2026_07_06_17_07_30.932,3.869,30,0,0.759,0,0,0,0, ,0,0,0,0,0, ,756.1,57.9,544.6,19.6,55,-17.4,25,836.058,9.41734,-62.0076,2.15368,114.512,-7.26645,
2026_07_06_17_07_30.952,3.869,30.2,0,0.759,0,0,0,0, ,0,0,0,0,0, ,776.6,56,566.5,17.2,35.9,-19.4,25,831.81,12.3139,-24.3752,3.14369,110.304,-7.9449,
2026_07_06_17_07_30.971,3.869,30.1,0,0.76,0,0,0,0, ,0,0,0,0,0, ,783,62.6,573.4,16.9,24.6,-16.7,25,828.641,15.1771,11.8415,3.99111,105.425,-8.56068,
2026_07_06_17_07_30.992,3.869,30.2,0,0.757,0,0,0,0, ,0,0,0,0,0, ,790.2,86.6,584.8,19,15.3,-16.6,25,826.079,18.7982,46.4088,4.84173,100.217,-9.05362,
2026_07_06_17_07_31.012,3.869,30.1,0,0.76,0,0,0,0, ,0,0,0,0,0, ,813.9,98.9,616,18.9,8,-15.7,25,824.615,23.3046,80.1676,5.70145,94.8196,-9.48606,
2026_07_06_17_07_31.031,3.869,30.1,0,0.76,0,0,0,0, ,0,0,0,0,0, ,825.8,107,643.9,17.2,7.5,-14.6,25,824.324,28.158,113.67,6.45394,89.5138,-9.8312,
2026_07_06_17_07_31.051,3.869,30.1,0,0.759,0,0,0,0, ,0,0,0,0,0, ,820.4,101.9,644.8,12.7,8.4,-13,25,824.25,32.807,146.008,6.97167,84.5435,-10.0731,
2026_07_06_17_07_31.071,3.869,30.1,0,0.759,0,0,0,0, ,0,0,0,0,0, ,823.8,119.2,641.2,9.7,8.8,-12.4,25,824.119,37.5445,176.294,7.22933,79.9157,-10.2331,
2026_07_06_17_07_31.091,3.869,30,0,0.758,0,0,0,0, ,0,0,0,0,0, ,832.5,133.5,635.3,8.4,9.6,-11.9,25,824.364,42.9561,204.444,7.34028,75.6064,-10.3499,
2026_07_06_17_07_31.110,3.869,30.1,0,0.758,0,0,0,0, ,0,0,0,0,0, ,839.2,133,640.9,7,11.9,-9.5,25,825.064,48.4584,230.87,7.3622,71.6543,-10.3713,
2026_07_06_17_07_31.131,3.869,30.1,0,0.758,0,0,0,0, ,0,0,0,0,0, ,826.5,139.1,647.2,4.1,9.4,-7.7,25,825.539,53.796,256.048,7.25177,67.9368,-10.2633,
2026_07_06_17_07_31.149,3.869,30.1,0,0.759,0,0,0,0, ,0,0,0,0,0, ,818.4,137.2,640.1,2.4,4.3,-6.3,25,825.35,58.9363,279.668,7.00791,64.2143,-10.0645,
2026_07_06_17_07_31.174,3.869,30.1,0,0.759,0,0,0,0, ,0,0,0,0,0, ,815.1,137.6,628,1.4,2.8,-5.1,25,824.826,63.7177,301.263,6.69665,60.5176,-9.79852,
2026_07_06_17_07_31.190,3.869,30.1,0,0.759,0,0,0,0, ,0,0,0,0,0, ,800.5,132.6,619.2,-0.1,3.1,-3.1,25,823.789,68.0675,320.905,6.32818,57.0096,-9.45126,
2026_07_06_17_07_31.210,3.869,30.1,0,0.758,0,0,0,0, ,0,0,0,0,0, ,783.8,129.6,612.6,-1.6,1.1,-2.1,25,821.861,71.9086,338.882,5.89076,53.6635,-9.03376,
2026_07_06_17_07_31.229,3.869,30,0,0.757,0,0,0,0, ,0,0,0,0,0, ,778,128.4,606.5,-2.7,-1.5,-2.4,25,819.365,75.3876,355.375,5.40078,50.3812,-8.62038,
2026_07_06_17_07_31.249,3.869,30.1,0,0.758,0,0,0,0, ,0,0,0,0,0, ,777,120.1,602.7,-2.3,-3.1,-2.8,25,816.814,78.3651,370.563,4.91932,47.171,-8.25351,
2026_07_06_17_07_31.269,3.869,30.1,0,0.757,0,0,0,0, ,0,0,0,0,0, ,768.5,121.3,597.5,-1.9,-1.5,-4.6,25,814.129,80.9449,384.55,4.49158,44.1563,-7.97603,
2026_07_06_17_07_31.291,3.869,30,0,0.759,0,0,0,0, ,0,0,0,0,0, ,774.1,125,590.4,-2,-1.9,-7,25,811.519,83.5168,397.31,4.09905,41.3619,-7.84343,
2026_07_06_17_07_31.309,3.869,30.1,0,0.757,0,0,0,0, ,0,0,0,0,0, ,787.4,123.9,595.4,-2,-0.2,-7.3,25,809.644,86.0112,409.229,3.72739,38.7775,-7.80117,
2026_07_06_17_07_31.328,3.869,30,0,0.759,0,0,0,0, ,0,0,0,0,0, ,771.9,112.9,601.4,-0.8,1.6,-7.8,25,807.816,87.9849,420.757,3.41494,36.4571,-7.78587,
2026_07_06_17_07_31.348,3.869,30,0,0.757,0,0,0,0, ,0,0,0,0,0, ,772,163.8,600.3,1.8,-3,-9.5,25,805.63,91.054,431.731,3.23731,34.1929,-7.83853,
2026_07_06_17_07_31.368,3.869,30,0,0.76,0,0,0,0, ,0,0,0,0,0, ,756.1,148.4,591.4,1.5,-3.4,-18.2,25,803.097,95.0177,441.732,3.14058,31.9142,-8.20485,
2026_07_06_17_07_31.388,3.869,30,0,0.758,0,0,0,0, ,0,0,0,0,0, ,771.6,172.6,614.7,2.6,-7.2,-23.6,25,800.705,99.0081,451.562,3.07412,29.6465,-8.97846,
2026_07_06_17_07_31.407,3.869,30.1,0,0.76,0,0,0,0, ,0,0,0,0,0, ,760.6,244.1,634.3,-1.8,-9.2,-33.4,25,798.596,105.671,462.101,2.91117,27.3402,-10.1681,
2026_07_06_17_07_31.428,3.869,30.1,0,0.759,0,0,0,0, ,0,0,0,0,0, ,773.1,209.1,630.1,-9.1,-5.4,-48.8,25,796.662,113.04,472.466,2.40166,25.2293,-12.053,
2026_07_06_17_07_31.447,3.869,30.1,0,0.758,0,0,0,0, ,0,0,0,0,0, ,793.8,267.4,664.9,-0.8,-6.6,-60.7,25,795.857,120.67,483.132,1.95367,23.3263,-14.6548,
2026_07_06_17_07_31.467,3.869,30.1,0,0.759,0,0,0,0, ,0,0,0,0,0, ,736.8,311.4,690.4,41.2,-0.8,-86.5,25,793.995,130.952,494.986,3.06556,21.6794,-18.2468,
2026_07_06_17_07_31.486,3.869,30.1,0,0.76,0,0,0,0, ,0,0,0,0,0, ,693.9,314,680.2,67.2,-4.3,-108.3,25,789.202,142.027,506.583,6.18156,20.2029,-23.0702,
2026_07_06_17_07_31.506,3.869,30,0,0.76,0,0,0,0, ,0,0,0,0,0, ,689.6,342.2,626.3,6.8,-34.7,-112.2,25,783.264,153.366,515.521,8.05956,17.7835,-28.3827,
2026_07_06_17_07_31.528,3.869,30.1,0,0.758,0,0,0,0, ,0,0,0,0,0, ,679.6,392.2,611.2,4.8,-51.6,-109.9,25,777.251,166.397,521.811,7.92187,14.0704,-33.4202,
2026_07_06_17_07_31.545,3.869,30,0,0.759,0,0,0,0, ,0,0,0,0,0, ,676.6,403.6,592.2,-6.4,-73.6,-114.3,25,771.209,180.504,526.679,7.39038,9.39827,-38.2148,
2026_07_06_17_07_31.565,3.869,30.1,0,0.758,0,0,0,0, ,0,0,0,0,0, ,694.8,484.2,528.4,4.2,-71.4,-136.1,25,765.999,196.555,528.728,6.873,4.4076,-43.5155,
2026_07_06_17_07_31.585,3.869,30.1,0,0.759,0,0,0,0, ,0,0,0,0,0, ,755.6,441.4,484.1,15,-44.1,-168.6,25,763.512,212.779,527.358,7.03917,0.619869,-50.1476,
2026_07_06_17_07_31.605,3.869,30,0,0.757,0,0,0,0, ,0,0,0,0,0, ,808.1,399.9,488.8,12,-51.1,-146.5,25,764.63,225.446,524.865,7.43288,-2.31853,-56.6924,
2026_07_06_17_07_31.625,3.869,30.1,0,0.757,0,0,0,0, ,0,0,0,0,0, ,819,426.2,463.3,7.4,-75.9,-105.2,25,767.611,236.878,521.891,7.57103,-6.04677,-60.9067,
2026_07_06_17_07_31.645,3.869,30.1,0,0.758,0,0,0,0, ,0,0,0,0,0, ,799.5,491.2,422.4,13.2,-88.8,-90.5,25,770.148,250.395,517.074,7.73733,-10.6965,-63.1579,
2026_07_06_17_07_31.665,3.869,30,0,0.759,0,0,0,0, ,0,0,0,0,0, ,792.9,488.6,369,22.1,-79.6,-98.6,25,771.736,264.99,509.678,8.34138,-15.1756,-65.0709,
2026_07_06_17_07_31.685,3.869,30.1,0,0.759,0,0,0,0, ,0,0,0,0,0, ,710.3,480.4,316.5,25.3,-71.9,-108.9,25,770.509,278.367,499.506,9.2773,-18.8669,-67.4279,
2026_07_06_17_07_31.704,3.869,30.1,0,0.759,0,0,0,0, ,0,0,0,0,0, ,778,522.5,268.7,34.9,-77.4,-88.7,25,768.903,291.961,486.897,10.5462,-22.2662,-69.3396,
2026_07_06_17_07_31.724,3.869,30.1,0,0.759,0,0,0,0, ,0,0,0,0,0, ,854.7,558.2,255.7,45.2,-85.3,-58.3,25,771.794,307.097,473.205,12.3441,-25.8666,-69.5931,
2026_07_06_17_07_31.744,3.869,30.1,0,0.76,0,0,0,0, ,0,0,0,0,0, ,819.8,580.8,186.7,64.3,-85.3,-46,25,775.783,323.087,457.848,14.9282,-29.4883,-68.5302,
2026_07_06_17_07_31.763,3.869,30.1,0,0.76,0,0,0,0, ,0,0,0,0,0, ,714.5,623.5,169.1,80.6,-58.4,-47.3,25,775.257,340.093,440.789,18.4334,-32.0697,-67.1969,
2026_07_06_17_07_31.783,3.869,30.1,0,0.757,0,0,0,0, ,0,0,0,0,0, ,617.3,646.9,152.3,88.7,-48.8,-67.3,25,768.593,358.076,423.721,22.4685,-33.3817,-66.5938,
2026_07_06_17_07_31.803,3.869,30,0,0.76,0,0,0,0, ,0,0,0,0,0, ,578.4,659.3,147.9,91.7,-66.2,-71,25,758.188,376.054,407.047,26.5959,-34.8514,-66.7496,
2026_07_06_17_07_31.822,3.869,30.1,0,0.759,0,0,0,0, ,0,0,0,0,0, ,599.2,675.7,123.5,92.4,-86.5,-60.5,25,747.866,393.814,390.512,30.5845,-37.3802,-66.6886,
2026_07_06_17_07_31.842,3.869,30.1,0,0.76,0,0,0,0, ,0,0,0,0,0, ,639.4,710.6,117.1,88,-76.5,-55.1,25,740.031,412.055,374.046,34.2173,-40.0688,-66.147,
2026_07_06_17_07_31.863,3.869,30.1,0,0.758,0,0,0,0, ,0,0,0,0,0, ,586.9,735.1,81.9,81.9,-57.7,-75.5,25,732.3,430.994,357.316,37.3088,-41.716,-66.0954,
2026_07_06_17_07_31.882,3.869,30,0,0.758,0,0,0,0, ,0,0,0,0,0, ,586.6,735.2,41.7,71.1,-42.7,-80.2,25,723.43,449.528,339.308,39.697,-42.233,-66.8117,
2026_07_06_17_07_31.903,3.869,30.1,0,0.76,0,0,0,0, ,0,0,0,0,0, ,637.3,742.9,48.5,55.6,-37.9,-66.6,25,716.637,467.171,321.38,41.1384,-42.1152,-67.2132,
2026_07_06_17_07_31.922,3.869,29.9,0,0.759,0,0,0,0, ,0,0,0,0,0, ,633.9,787.3,64.4,50.9,-36.1,-62.6,25,711.699,485.326,305.235,41.8764,-41.8035,-67.0539,
2026_07_06_17_07_31.941,3.869,30,0,0.759,0,0,0,0, ,0,0,0,0,0, ,650.5,817.7,61,38.8,-36,-52.8,25,707.464,504.654,290.456,42.0576,-41.4529,-66.4839,
2026_07_06_17_07_31.960,3.869,30,0,0.758,0,0,0,0, ,0,0,0,0,0, ,659.3,817.5,76.5,25.6,-24.7,-47.5,25,704.261,523.724,276.946,41.4569,-40.7763,-65.4886,
2026_07_06_17_07_31.981,3.869,30,0,0.759,0,0,0,0, ,0,0,0,0,0, ,633.1,819.4,65.7,12.2,-3.8,-48.1,25,700.722,541.684,264.402,40.0824,-39.1599,-64.4107,
2026_07_06_17_07_32.000,3.869,30.1,0,0.76,0,0,0,0, ,0,0,0,0,0, ,656.6,802.9,79.9,-2,0.3,-38.6,25,697.318,558.104,252.726,37.9506,-36.8802,-63.1273,
2026_07_06_17_07_32.021,3.869,30.1,0,0.759,0,0,0,0, ,0,0,0,0,0, ,667.2,816,41.3,-12.5,-7.8,-18.7,25,695.159,573.421,241.019,35.1962,-34.8613,-61.0263,
2026_07_06_17_07_32.040,3.869,30.1,0,0.759,0,0,0,0, ,0,0,0,0,0, ,611.4,841.6,26.2,-14.1,-6.8,-6.9,25,691.756,588.983,228.388,32.241,-33.1818,-58.0875,
2026_07_06_17_07_32.061,3.869,30.1,0,0.759,0,0,0,0, ,0,0,0,0,0, ,542.6,843.2,34.1,-11.8,1.4,-17.8,25,684.763,604.426,216.308,29.4872,-31.3243,-55.3004,
2026_07_06_17_07_32.080,3.869,30.1,0,0.76,0,0,0,0, ,0,0,0,0,0, ,531.6,819.7,23,-9.7,0.2,-12,25,675.764,618.26,204.867,27.0352,-29.3668,-52.8385,
2026_07_06_17_07_32.100,3.869,29.9,0,0.759,0,0,0,0, ,0,0,0,0,0, ,549.3,850.2,15.6,-9,-1.8,-6,25,667.519,631.464,193.559,24.818,-27.626,-50.1671,
2026_07_06_17_07_32.119,3.869,30.1,0,0.759,0,0,0,0, ,0,0,0,0,0, ,576,852.1,7.2,-10.5,-2.2,-0.9,25,661.128,644.851,182.458,22.7115,-26.0644,-47.3203,
2026_07_06_17_07_32.138,3.869,30.1,0,0.758,0,0,0,0, ,0,0,0,0,0, ,566.4,865.7,9.3,-11.9,-4.2,6,25,655.648,657.895,171.842,20.645,-24.6711,-44.2813,
2026_07_06_17_07_32.159,3.869,30,0,0.759,0,0,0,0, ,0,0,0,0,0, ,552.3,873.2,2.4,-12.9,-4.5,7,25,649.78,670.787,161.727,18.6313,-23.4328,-41.1868,
2026_07_06_17_07_32.179,3.869,30,0,0.758,0,0,0,0, ,0,0,0,0,0, ,554.9,865.4,-2.5,-15.7,-1.8,7.2,25,643.919,682.884,151.869,16.6246,-22.1968,-38.2443,
2026_07_06_17_07_32.197,3.869,30.1,0,0.758,0,0,0,0, ,0,0,0,0,0, ,643.3,858.8,3.6,-18,0.2,18.5,25,641.188,693.805,142.648,14.5847,-20.8929,-35.1308,
2026_07_06_17_07_32.218,3.869,30,0,0.757,0,0,0,0, ,0,0,0,0,0, ,726,856.9,7.5,-21.1,2.7,41.6,25,643.836,703.801,134.294,12.5046,-19.5314,-31.1588,
2026_07_06_17_07_32.237,3.869,30,0,0.759,0,0,0,0, ,0,0,0,0,0, ,757.4,856.8,11.2,-25,9.6,69.6,25,649.8,713.128,126.68,10.338,-17.9664,-25.872,
2026_07_06_17_07_32.258,3.869,30.1,0,0.757,0,0,0,0, ,0,0,0,0,0, ,722.9,853.1,8.3,-32.7,16,96.8,25,655.306,721.77,119.554,7.95001,-16.0916,-19.2254,
2026_07_06_17_07_32.276,3.869,30.1,0,0.759,0,0,0,0, ,0,0,0,0,0, ,838.3,797.9,66.6,-45.6,9.5,123.5,25,662.941,728.091,114.551,5.07986,-14.3341,-11.3416,
2026_07_06_17_07_32.296,3.869,30.1,0,0.76,0,0,0,0, ,0,0,0,0,0, ,973.9,757,111,-56.1,-1.1,159.1,25,677.758,731.099,112.982,1.67163,-13.2047,-2.03998,
2026_07_06_17_07_32.317,3.869,30.1,0,0.759,0,0,0,0, ,0,0,0,0,0, ,942.5,725.5,133.9,-66.8,-2.7,199,25,694.848,731.717,113.559,-2.17484,-12.5158,8.99519,
2026_07_06_17_07_32.337,3.869,30,0,0.759,0,0,0,0, ,0,0,0,0,0, ,777.8,709.5,145.1,-74,-7.3,211.7,25,704.921,730.851,115.14,-6.33231,-12.0578,20.9606,
2026_07_06_17_07_32.360,3.869,29.9,0,0.758,0,0,0,0, ,0,0,0,0,0, ,701.2,667.7,140.6,-65.1,-7.9,194.7,25,707.028,728.276,116.828,-10.1846,-11.7861,32.0658,
2026_07_06_17_07_32.377,3.869,30,0,0.759,0,0,0,0, ,0,0,0,0,0, ,725.3,567.7,120.4,-40.4,-7.5,178.8,25,707.407,721.538,117.661,-12.7785,-11.5371,41.4918,
2026_07_06_17_07_32.396,3.869,30.1,0,0.759,0,0,0,0, ,0,0,0,0,0, ,752.3,512.2,60.1,-9.5,8.6,169.3,25,709.32,710.473,115.991,-13.5202,-10.8006,49.5696,
2026_07_06_17_07_32.417,3.869,30,0,0.759,0,0,0,0, ,0,0,0,0,0, ,799,377.9,132.8,14.3,17,168.1,25,713.362,694.298,114.8,-12.55,-9.36242,56.8291,
2026_07_06_17_07_32.436,3.869,30,0,0.758,0,0,0,0, ,0,0,0,0,0, ,753.7,458.2,115.1,26.7,18.7,129.9,25,717.2,677.464,115.358,-10.536,-7.70416,62.4458,
2026_07_06_17_07_32.455,3.869,30,0,0.758,0,0,0,0, ,0,0,0,0,0, ,796.2,408.5,120.7,-5.9,6,123.8,25,720.72,662.589,115.513,-9.26026,-6.48211,66.3704,
2026_07_06_17_07_32.474,3.869,30,0,0.76,0,0,0,0, ,0,0,0,0,0, ,806.3,364.3,89.8,-28.2,-8.3,114.1,25,725.627,645.758,114.887,-9.73495,-6.15719,69.5745,
2026_07_06_17_07_32.495,3.869,29.9,0,0.758,0,0,0,0, ,0,0,0,0,0, ,915.7,276.8,83.9,-19,-2.2,104.3,25,733.876,625.941,113.179,-10.5798,-6.1019,71.9892,
2026_07_06_17_07_32.515,3.869,30,0,0.76,0,0,0,0, ,0,0,0,0,0, ,932,257.4,89.3,-1.6,13.2,100.6,25,745.453,604.074,111.559,-10.5628,-5.39491,73.8454,
2026_07_06_17_07_32.535,3.869,30,0,0.758,0,0,0,0, ,0,0,0,0,0, ,957.8,234,99.8,9,16.6,92.5,25,757.607,582.236,110.523,-9.69365,-4.15819,75.2289,
2026_07_06_17_07_32.554,3.869,30.1,0,0.758,0,0,0,0, ,0,0,0,0,0, ,1029.1,161,74,8.8,5.8,99.9,25,771.978,558.791,109.083,-8.5606,-3.2223,76.5069,
2026_07_06_17_07_32.574,3.869,30,0,0.759,0,0,0,0, ,0,0,0,0,0, ,1031.6,111.4,69.7,-0.8,4.4,116.4,25,787.723,533.039,106.814,-7.79519,-2.71516,78.4351,
2026_07_06_17_07_32.600,3.869,30,0,0.76,0,0,0,0, ,0,0,0,0,0, ,960.3,94.7,121.9,-6.8,17,113.4,25,800.412,506.837,106.143,-7.55174,-1.89768,80.6572,
2026_07_06_17_07_32.617,3.869,30,0,0.757,0,0,0,0, ,0,0,0,0,0, ,968.3,29.2,155.6,4.1,24.4,109.4,25,810.399,479.727,108.13,-7.17382,-0.52063,82.5306,
2026_07_06_17_07_32.633,3.869,30,0,0.758,0,0,0,0, ,0,0,0,0,0, ,820.5,21.2,137,7,28.1,102.8,25,815.517,452.029,110.456,-6.39846,1.1107,83.9668,
2026_07_06_17_07_32.653,3.869,30,0,0.757,0,0,0,0, ,0,0,0,0,0, ,765.8,6.2,106.4,4.6,29.4,82.7,25,814.154,425.318,111.141,-5.65512,2.79497,84.5021,
2026_07_06_17_07_32.674,3.869,30,0,0.759,0,0,0,0, ,0,0,0,0,0, ,639.7,-69.5,157.7,-8.4,25.8,62.2,25,807.366,397.472,112.415,-5.42629,4.30653,83.7676,
2026_07_06_17_07_32.693,3.869,30,0,0.759,0,0,0,0, ,0,0,0,0,0, ,734.7,-53.8,84.2,-2.4,37.3,52.5,25,800.043,369.494,112.935,-5.42469,5.96668,82.1578,
2026_07_06_17_07_32.713,3.869,30,0,0.758,0,0,0,0, ,0,0,0,0,0, ,845,-2.6,122.4,14.2,17.8,22.9,25,799.422,345.259,112.348,-4.73459,7.28191,79.4487,
2026_07_06_17_07_32.732,3.869,30,0,0.757,0,0,0,0, ,0,0,0,0,0, ,810.1,-37.3,180,15.2,4.4,-4.9,25,801.136,323.005,114.716,-3.55029,7.51458,75.1557,
2026_07_06_17_07_32.752,3.869,30,0,0.758,0,0,0,0, ,0,0,0,0,0, ,929.9,-56.2,175,10.7,3.2,-10.8,25,805.332,300.473,118.542,-2.54481,7.28822,70.0975,
2026_07_06_17_07_32.773,3.869,29.9,0,0.758,0,0,0,0, ,0,0,0,0,0, ,929.6,-58.4,227,6.7,8.6,-14.6,25,812.914,278.671,123.567,-1.85958,7.20363,65.0521,
2026_07_06_17_07_32.793,3.869,30.1,0,0.759,0,0,0,0, ,0,0,0,0,0, ,933.3,-29.9,259.5,8.7,16.5,-24.1,25,820.137,258.999,130.86,-1.27704,7.52942,59.9088,
2026_07_06_17_07_32.811,3.869,29.9,0,0.758,0,0,0,0, ,0,0,0,0,0, ,956.5,-27.3,256.8,9.1,16.6,-30.8,25,827.74,241.473,138.616,-0.656877,8.07911,54.5854,
2026_07_06_17_07_32.831,3.869,30,0,0.76,0,0,0,0, ,0,0,0,0,0, ,1068.4,-46.1,235.4,7,13.2,-32.7,25,838.996,224.522,145.166,-0.126301,8.49476,49.3243,
2026_07_06_17_07_32.854,3.869,30,0,0.76,0,0,0,0, ,0,0,0,0,0, ,1124.2,-58.4,247.1,8.7,14.5,-20.8,25,854.675,207.656,151.021,0.359754,8.82109,44.6885,
2026_07_06_17_07_32.871,3.869,30,0,0.759,0,0,0,0, ,0,0,0,0,0, ,1067.2,-45.8,257.3,11.3,21.2,-11.8,25,869.363,191.828,157.187,0.947207,9.37129,40.9721,
2026_07_06_17_07_32.891,3.869,30,0,0.759,0,0,0,0, ,0,0,0,0,0, ,989.3,-18,281.9,11.2,20.7,-12.4,25,879.045,178.194,164.037,1.57503,10.0769,37.738,
2026_07_06_17_07_32.909,3.869,30,0,0.76,0,0,0,0, ,0,0,0,0,0, ,988.1,-0.1,296.3,6,11.6,-19.9,25,885.727,166.784,171.658,2.00312,10.447,34.4542,
2026_07_06_17_07_32.930,3.869,30,0,0.759,0,0,0,0, ,0,0,0,0,0, ,1086,-17.3,306.5,6,6.1,-19.9,25,894.948,156.09,179.564,2.24668,10.3496,31.142,
2026_07_06_17_07_32.953,3.869,29.9,0,0.759,0,0,0,0, ,0,0,0,0,0, ,1101.5,-35.6,301.6,6.8,12.7,-7.1,25,907.063,144.967,187.15,2.49977,10.2918,28.4216,
2026_07_06_17_07_32.970,3.869,30,0,0.759,0,0,0,0, ,0,0,0,0,0, ,1017.2,-13.4,302.3,2.4,19.6,0.3,25,916.343,134.64,194.146,2.62775,10.6488,26.4825,
2026_07_06_17_07_32.990,3.869,30,0,0.758,0,0,0,0, ,0,0,0,0,0, ,965.3,-4.2,286,-0.7,16.8,-2.6,25,920.907,125.899,200.24,2.51942,11.1089,24.7986,
2026_07_06_17_07_33.009,3.869,29.9,0,0.759,0,0,0,0, ,0,0,0,0,0, ,1004.8,-21.7,294.3,-1,14.4,-2.5,25,924.816,117.438,205.719,2.3141,11.3826,23.1321,
2026_07_06_17_07_33.029,3.869,30.1,0,0.76,0,0,0,0, ,0,0,0,0,0, ,1010.2,-24.9,307.4,-0.2,20.9,4.1,25,929.855,108.862,211.516,2.13652,11.7645,21.7712,
2026_07_06_17_07_33.049,3.869,30,0,0.76,0,0,0,0, ,0,0,0,0,0, ,973,-11.5,330.5,-1.8,28,7.5,25,933.617,101.119,218.062,1.94539,12.5375,20.798,
2026_07_06_17_07_33.069,3.869,30,0,0.758,0,0,0,0, ,0,0,0,0,0, ,978.6,-18.9,324,-7.2,37.4,8.8,25,936.188,94.0307,224.716,1.55262,13.7662,20.0272,
2026_07_06_17_07_33.088,3.869,30.1,0,0.758,0,0,0,0, ,0,0,0,0,0, ,996.4,-49.5,324.8,-8,56.7,9.8,25,939.315,86.2167,230.791,0.994884,15.7944,19.3735,
2026_07_06_17_07_33.108,3.869,30,0,0.758,0,0,0,0, ,0,0,0,0,0, ,973.5,-31.1,321.6,-3.5,77.4,8.4,25,942.096,78.5071,236.422,0.583868,18.9178,18.7475,
2026_07_06_17_07_33.128,3.869,30.1,0,0.759,0,0,0,0, ,0,0,0,0,0, ,962.8,-45.5,361.5,-2.8,86.8,10.9,25,943.683,71.3891,242.828,0.356335,22.768,18.1931,
2026_07_06_17_07_33.148,3.869,30,0,0.759,0,0,0,0, ,0,0,0,0,0, ,982.2,-50.7,412.8,-8.9,98.4,13.8,25,945.439,64.1078,251.623,-0.0218633,27.0234,17.837,
2026_07_06_17_07_33.166,3.869,30,0,0.758,0,0,0,0, ,0,0,0,0,0, ,994.7,-60.6,448.7,-9.6,133,19.5,25,948.06,56.81,262.538,-0.584203,32.4271,17.7647,
2026_07_06_17_07_33.187,3.869,30.1,0,0.758,0,0,0,0, ,0,0,0,0,0, ,941.1,-68.4,453.8,-4,184,17,25,949.269,49.4177,274.038,-0.962978,40.1097,17.7943,
2026_07_06_17_07_33.207,3.869,30,0,0.758,0,0,0,0, ,0,0,0,0,0, ,854.1,-72.5,437.9,2.6,211.8,10.8,25,946.121,42.1133,284.508,-0.946953,49.725,17.557,
2026_07_06_17_07_33.226,3.869,29.9,0,0.76,0,0,0,0, ,0,0,0,0,0, ,760.1,-79.1,455.8,7.6,200.9,9.4,25,937.649,34.9279,294.4,-0.578467,59.2693,17.1026,
2026_07_06_17_07_33.246,3.869,30.1,0,0.759,0,0,0,0, ,0,0,0,0,0, ,710.5,-80.4,512,15.2,178.9,12.6,25,925.318,27.9397,305.948,0.151471,67.2296,16.7307,
2026_07_06_17_07_33.267,3.869,30,0,0.758,0,0,0,0, ,0,0,0,0,0, ,662.8,-68.1,602.6,20.5,168.7,12.7,25,910.775,21.7125,321.265,1.22998,73.7238,16.482,
2026_07_06_17_07_33.286,3.869,30,0,0.759,0,0,0,0, ,0,0,0,0,0, ,617.1,-56,662.4,21.5,161.2,6.1,25,894.271,16.6083,340.231,2.43471,79.2829,16.0505,
2026_07_06_17_07_33.306,3.869,30.1,0,0.759,0,0,0,0, ,0,0,0,0,0, ,584.5,-62.2,702.3,21.3,146.5,3.3,25,876.388,11.9948,361.079,3.59041,83.8268,15.3588,
2026_07_06_17_07_33.325,3.869,29.9,0,0.757,0,0,0,0, ,0,0,0,0,0, ,573.8,-64,734.3,21.5,136.3,5.6,25,858.275,7.41871,382.847,4.67568,87.3352,14.694,
2026_07_06_17_07_33.351,3.869,30,0,0.758,0,0,0,0, ,0,0,0,0,0, ,548.2,-64,765.9,25.7,141.9,7.5,25,840.16,3.06663,405.226,5.82888,90.4896,14.1978,
2026_07_06_17_07_33.369,3.869,30,0,0.76,0,0,0,0, ,0,0,0,0,0, ,517.4,-56.7,781.6,32.3,155.6,5.4,25,821.43,-0.797821,427.683,7.24087,94.0398,13.7256,
2026_07_06_17_07_33.386,3.869,30,0,0.758,0,0,0,0, ,0,0,0,0,0, ,471.9,-53.7,787.7,40.5,164.3,4.7,25,801.517,-4.11295,449.436,9.01775,98.0562,13.197,
2026_07_06_17_07_33.405,3.869,30.1,0,0.758,0,0,0,0, ,0,0,0,0,0, ,431.7,-50,798.8,46.2,159.7,9.4,25,780.206,-7.02193,470.387,11.1099,101.953,12.8224,
2026_07_06_17_07_33.425,3.869,30,0,0.76,0,0,0,0, ,0,0,0,0,0, ,350.3,-27,815.1,49,149.9,17.3,25,756.489,-8.94012,490.896,13.3335,105.173,12.8545,
2026_07_06_17_07_33.445,3.869,30,0,0.759,0,0,0,0, ,0,0,0,0,0, ,321.5,-16.4,822.9,50.9,146.6,20.5,25,730.859,-9.71768,510.89,15.5648,107.798,13.2229,
2026_07_06_17_07_33.464,3.869,30,0,0.76,0,0,0,0, ,0,0,0,0,0, ,236.6,12.6,852.4,54.8,143.3,21.7,25,703.327,-9.24129,530.802,17.8369,110.062,13.7029,
2026_07_06_17_07_33.484,3.869,30,0,0.759,0,0,0,0, ,0,0,0,0,0, ,183.3,31.1,877.3,55.3,134,16.8,25,673.262,-7.34666,551.158,20.1046,111.804,14.041,
2026_07_06_17_07_33.503,3.869,29.9,0,0.76,0,0,0,0, ,0,0,0,0,0, ,142.4,53.3,897,55.6,120.3,18,25,642.159,-4.32741,571.633,22.2584,112.739,14.2457,
2026_07_06_17_07_33.524,3.869,30.1,0,0.759,0,0,0,0, ,0,0,0,0,0, ,103.3,83.2,934.3,55.3,109.3,19.8,25,610.513,0.0952713,592.596,24.281,112.865,14.5293,
2026_07_06_17_07_33.543,3.869,30,0,0.758,0,0,0,0, ,0,0,0,0,0, ,43.3,109.3,978,54.1,93.8,16.9,25,577.777,5.9547,614.75,26.1347,112.175,14.7621,
2026_07_06_17_07_33.562,3.869,30,0,0.758,0,0,0,0, ,0,0,0,0,0, ,26.8,113.5,1009.8,50.4,71.6,16.3,25,544.704,12.3803,637.855,27.7261,110.379,14.8741,
2026_07_06_17_07_33.583,3.869,30.1,0,0.761,0,0,0,0, ,0,0,0,0,0, ,12.9,130.6,1034.7,48.2,60,19.1,25,512.721,19.0633,661.279,29.0407,107.663,15.0463,
2026_07_06_17_07_33.603,3.869,30.1,0,0.758,0,0,0,0, ,0,0,0,0,0, ,-37.2,162.1,1060.5,45.4,53.1,17.5,25,480.737,26.8198,684.82,30.1229,104.548,15.2446,
2026_07_06_17_07_33.622,3.869,30.1,0,0.758,0,0,0,0, ,0,0,0,0,0, ,-54.1,126.8,1092.7,46.3,38.9,9,25,448.66,33.9879,708.694,31.0813,100.98,15.123,
2026_07_06_17_07_33.643,3.869,30,0,0.758,0,0,0,0, ,0,0,0,0,0, ,-45.5,206.1,1088.8,42,27.5,5.8,25,418.285,42.0598,731.976,31.8777,96.8499,14.6524,
2026_07_06_17_07_33.662,3.869,30,0,0.758,0,0,0,0, ,0,0,0,0,0, ,-27.7,232,1080.4,30.9,23.9,4.3,25,390.566,52.8451,753.464,32.1563,92.5142,14.0673,
2026_07_06_17_07_33.682,3.869,30.1,0,0.757,0,0,0,0, ,0,0,0,0,0, ,-29.1,230.1,1066.4,25.9,20.2,6,25,365.035,63.7045,772.96,31.9274,88.2203,13.5239,
2026_07_06_17_07_33.700,3.869,30,0,0.758,0,0,0,0, ,0,0,0,0,0, ,-57.2,229.6,1067,24.5,12.1,7,25,340.161,73.829,790.86,31.5175,83.8285,13.0958,
2026_07_06_17_07_33.722,3.869,30.1,0,0.758,0,0,0,0, ,0,0,0,0,0, ,-75.4,244,1075.4,19.8,3.3,5.4,25,315.392,83.76,807.943,30.9466,79.1894,12.6756,
2026_07_06_17_07_33.741,3.869,30,0,0.759,0,0,0,0, ,0,0,0,0,0, ,-83.6,254.5,1091.6,13.3,-5.4,3.7,25,291.329,93.8446,824.735,30.0693,74.2998,12.1805,
2026_07_06_17_07_33.761,3.869,30,0,0.758,0,0,0,0, ,0,0,0,0,0, ,-64.4,265,1088.7,9.1,-13.2,1.6,25,269.066,103.954,840.908,28.9195,69.2055,11.5997,
2026_07_06_17_07_33.781,3.869,30.1,0,0.758,0,0,0,0, ,0,0,0,0,0, ,-30,270.3,1114.5,3.4,-15,-1,25,249.794,113.93,856.794,27.5381,64.129,10.9111,
2026_07_06_17_07_33.801,3.869,29.9,0,0.757,0,0,0,0, ,0,0,0,0,0, ,21.3,276.7,1088,-7.6,-12.1,0.5,25,234.307,123.653,871.691,25.732,59.3955,10.231,
2026_07_06_17_07_33.820,3.869,30,0,0.76,0,0,0,0, ,0,0,0,0,0, ,1.2,250.1,1086,-13.8,-21.9,5.8,25,220.715,132.169,884.811,23.5119,54.7401,9.79951,
2026_07_06_17_07_33.840,3.869,30,0,0.758,0,0,0,0, ,0,0,0,0,0, ,-29.4,246.2,1098.5,-24.9,-68.5,14.7,25,206.406,139.237,897.452,20.9,48.65,9.82696,
2026_07_06_17_07_33.860,3.869,30,0,0.759,0,0,0,0, ,0,0,0,0,0, ,23,242.4,1089.4,-34,-106.8,18.8,25,193.633,145.639,909.426,17.8318,40.3442,10.2488,
2026_07_06_17_07_33.885,3.869,30,0,0.759,0,0,0,0, ,0,0,0,0,0, ,65.7,220.9,1074.7,-44.7,-128.7,19.7,25,184.536,150.88,919.945,14.3473,30.7104,10.7973,
2026_07_06_17_07_33.899,3.869,29.9,0,0.759,0,0,0,0, ,0,0,0,0,0, ,104.4,207.2,1039.7,-49.5,-151.2,18.7,25,178.473,154.73,928.309,10.6029,20.3108,11.3094,
2026_07_06_17_07_33.920,3.869,30,0,0.758,0,0,0,0, ,0,0,0,0,0, ,139.6,177,1010.4,-57.2,-195.3,20,25,175.032,157.007,934.204,6.70573,8.51565,11.7994,
2026_07_06_17_07_33.939,3.869,30,0,0.759,0,0,0,0, ,0,0,0,0,0, ,240.9,139.6,960.3,-65.9,-242.1,27.2,25,175.959,157.086,937.321,2.5464,-5.3303,12.5185,
2026_07_06_17_07_33.959,3.869,30,0,0.759,0,0,0,0, ,0,0,0,0,0, ,320.1,112.7,885.2,-68.3,-250.1,31,25,182.33,155.201,936.433,-1.69768,-20.0022,13.5289,
2026_07_06_17_07_33.978,3.869,30,0,0.758,0,0,0,0, ,0,0,0,0,0, ,395,77,827.5,-65,-247.6,26.8,25,193.007,151.523,931.553,-5.65571,-33.9476,14.4656,
2026_07_06_17_07_33.998,3.869,30,0,0.758,0,0,0,0, ,0,0,0,0,0, ,498,39.3,777,-59.2,-217.3,19.6,25,208.454,145.833,923.674,-9.09528,-46.0439,14.9978,
2026_07_06_17_07_34.017,3.869,30,0,0.757,0,0,0,0, ,0,0,0,0,0, ,559.5,14.6,733.7,-49.7,-178.4,16.8,25,227.972,138.589,913.417,-11.8591,-55.2945,15.193,
2026_07_06_17_07_34.038,3.869,30.1,0,0.758,0,0,0,0, ,0,0,0,0,0, ,578.6,5.8,732.2,-41.2,-146.1,11,25,248.757,130.765,902.419,-13.906,-61.8121,15.1142,
2026_07_06_17_07_34.056,3.869,30,0,0.758,0,0,0,0, ,0,0,0,0,0, ,597.6,-1.8,705.4,-39.8,-135.6,3.5,25,269.436,122.918,891.23,-15.5266,-66.6285,14.6349,
2026_07_06_17_07_34.077,3.869,30,0,0.758,0,0,0,0, ,0,0,0,0,0, ,640.9,-12,653.6,-28.9,-139.1,-0.1,25,290.752,115.008,878.328,-16.6737,-70.9381,13.8467,
2026_07_06_17_07_34.097,3.869,29.9,0,0.76,0,0,0,0, ,0,0,0,0,0, ,654.7,-7.4,625.1,-21.5,-145.8,-1,25,312.51,107.408,863.765,-17.1932,-75.2959,12.9694,
2026_07_06_17_07_34.116,3.869,30,0,0.758,0,0,0,0, ,0,0,0,0,0, ,665.2,-15.1,589.8,-32.9,-176.8,0.4,25,333.682,100.177,848.146,-17.803,-80.5367,12.1608,
2026_07_06_17_07_34.143,3.869,29.9,0,0.757,0,0,0,0, ,0,0,0,0,0, ,754.5,-35.1,561.6,-39.2,-198.6,6.4,25,356.605,92.5434,831.544,-18.9149,-87.067,11.627,
2026_07_06_17_07_34.164,3.869,30,0,0.76,0,0,0,0, ,0,0,0,0,0, ,847.2,-48.7,519.4,-36.7,-181.3,5.5,25,383.676,84.3508,813.808,-20.0749,-93.3364,11.281,
2026_07_06_17_07_34.177,3.869,30,0,0.759,0,0,0,0, ,0,0,0,0,0, ,865.4,-57,471.5,-29.5,-153.8,1.9,25,412.477,75.9901,794.408,-20.8686,-97.8588,10.819,
2026_07_06_17_07_34.198,3.869,30,0,0.759,0,0,0,0, ,0,0,0,0,0, ,830.8,-43,424.5,-18.1,-146.3,-2.6,25,439.022,68.3126,773.299,-21.0472,-101.039,10.1384,
2026_07_06_17_07_34.216,3.869,30,0,0.758,0,0,0,0, ,0,0,0,0,0, ,832.1,-41.1,356.2,-15.9,-153.7,-10,25,462.936,61.5873,749.963,-20.8006,-104.023,9.13672,
2026_07_06_17_07_34.235,3.869,30,0,0.76,0,0,0,0, ,0,0,0,0,0, ,902.8,-57.3,321.8,15.2,-155.9,-12,25,487.586,54.8362,724.92,-19.5544,-107.117,7.90963,
2026_07_06_17_07_34.254,3.869,29.9,0,0.758,0,0,0,0, ,0,0,0,0,0, ,931.7,-61.7,252.6,18.4,-151.3,-8.8,25,513.769,47.8689,698.246,-17.3391,-109.95,6.79389,
2026_07_06_17_07_34.277,3.869,29.9,0,0.759,0,0,0,0, ,0,0,0,0,0, ,926.6,-50.6,192,22.9,-150,-8.8,25,539.081,41.5302,669.243,-15.0241,-112.43,5.84364,
2026_07_06_17_07_34.296,3.869,30,0,0.758,0,0,0,0, ,0,0,0,0,0, ,910.4,-16.4,138.1,5,-154.7,-5,25,562.202,36.9581,638.519,-13.2585,-114.862,5.06707,
2026_07_06_17_07_34.316,3.869,30,0,0.758,0,0,0,0, ,0,0,0,0,0, ,944.5,-48.4,109.6,-4.2,-156.1,0,25,584.459,32.7316,607.157,-12.4262,-117.333,4.60595,
2026_07_06_17_07_34.334,3.869,30,0,0.758,0,0,0,0, ,0,0,0,0,0, ,929.5,-47.8,46,-2.5,-136.1,-4.2,25,605.942,27.8059,574.899,-11.8731,-119.086,4.19731,
2026_07_06_17_07_34.355,3.869,29.9,0,0.76,0,0,0,0, ,0,0,0,0,0, ,939.5,-38.2,20.6,-0.5,-108.8,-13.3,25,625.964,23.4912,541.895,-11.241,-119.291,3.40833,
2026_07_06_17_07_34.374,3.869,30,0,0.76,0,0,0,0, ,0,0,0,0,0, ,977.9,-31.2,15.5,-1.8,-84.8,-15.8,25,646.24,19.9451,509.973,-10.6261,-117.92,2.314,
2026_07_06_17_07_34.394,3.869,29.9,0,0.759,0,0,0,0, ,0,0,0,0,0, ,1008.6,-43.4,6.8,-8.3,-54.8,-13,25,667.386,16.4568,479.576,-10.2863,-114.988,1.29549,
2026_07_06_17_07_34.414,3.869,29.9,0,0.759,0,0,0,0, ,0,0,0,0,0, ,979.8,-36.3,-36.6,-12.1,-24.1,-13.3,25,687.301,13.0256,449.444,-10.281,-110.385,0.415217,
2026_07_06_17_07_34.433,3.869,29.9,0,0.758,0,0,0,0, ,0,0,0,0,0, ,981,-42.2,-87.8,-12.3,-3.3,-18.3,25,705.162,9.84003,418.266,-10.398,-104.493,-0.572898,
2026_07_06_17_07_34.453,3.869,30,0,0.76,0,0,0,0, ,0,0,0,0,0, ,986.3,-21.3,-107,-5.9,13,-22.9,25,722.132,7.30563,386.842,-10.3189,-97.8299,-1.7933,
2026_07_06_17_07_34.473,3.869,30.1,0,0.76,0,0,0,0, ,0,0,0,0,0, ,1007,-5.3,-100.2,-1.5,14.1,-24.1,25,738.86,6.04998,356.956,-9.91552,-91.0427,-3.11605,
2026_07_06_17_07_34.492,3.869,30,0,0.758,0,0,0,0, ,0,0,0,0,0, ,1056,9.8,-83.9,1.6,2.6,-17.9,25,756.693,5.81842,329.595,-9.30825,-84.986,-4.20585,
2026_07_06_17_07_34.513,3.869,30,0,0.758,0,0,0,0, ,0,0,0,0,0, ,1075.1,28.1,-71.7,6.1,-7.4,-12.8,25,775.514,6.61862,304.769,-8.50642,-79.9534,-4.88495,
2026_07_06_17_07_34.532,3.869,30,0,0.76,0,0,0,0, ,0,0,0,0,0, ,1084.4,39.6,-47.1,8.3,-13.8,-9.3,25,794.053,8.27803,282.578,-7.54931,-75.7272,-5.26063,
2026_07_06_17_07_34.552,3.869,29.9,0,0.758,0,0,0,0, ,0,0,0,0,0, ,1091.3,41.7,-16.6,8.1,-19.6,-4.7,25,811.957,10.2507,263.417,-6.58959,-72.1302,-5.36663,
2026_07_06_17_07_34.573,3.869,30,0,0.759,0,0,0,0, ,0,0,0,0,0, ,1091.9,34.1,-28.5,8.9,-25.8,1.9,25,828.997,11.9356,245.991,-5.67006,-69.118,-5.12491,
2026_07_06_17_07_34.593,3.869,30,0,0.758,0,0,0,0, ,0,0,0,0,0, ,1056.2,12.6,-19,4.6,-58.3,21.3,25,843.93,12.6311,229.554,-4.91322,-67.4686,-4.10574,
2026_07_06_17_07_34.611,3.869,29.9,0,0.76,0,0,0,0, ,0,0,0,0,0, ,988.1,4,-135.6,-8.6,-125.5,39.6,25,854.791,12.3672,210.855,-4.73569,-68.9574,-2,
2026_07_06_17_07_34.631,3.869,30,0,0.759,0,0,0,0, ,0,0,0,0,0, ,995.6,-78,-166.1,10.9,-167.4,39.9,25,863.143,9.3589,188.813,-4.37703,-73.6796,0.544145,
2026_07_06_17_07_34.651,3.869,29.9,0,0.759,0,0,0,0, ,0,0,0,0,0, ,977.2,-40.4,-242.5,14.2,-208.9,42,25,870.654,5.18109,164.858,-3.34554,-80.6551,3.00638,
2026_07_06_17_07_34.672,3.869,30,0,0.759,0,0,0,0, ,0,0,0,0,0, ,911.1,-0.3,-343,36.2,-242.3,35.7,25,875.132,3.62529,136.973,-1.60605,-89.4877,5.1906,
2026_07_06_17_07_34.691,3.869,30,0,0.758,0,0,0,0, ,0,0,0,0,0, ,930.7,-35.7,-301.8,45.7,-250.1,20.1,25,877.921,2.3075,108.98,0.987211,-99.0374,6.57445,
2026_07_06_17_07_34.710,3.869,29.9,0,0.757,0,0,0,0, ,0,0,0,0,0, ,912.3,-82.5,-352.2,36.3,-241.2,29.2,25,880.577,-1.43452,82.4121,3.42549,-107.972,7.67593,
2026_07_06_17_07_34.729,3.869,29.9,0,0.759,0,0,0,0, ,0,0,0,0,0, ,808.9,-79.1,-386.9,22.5,-214,29.2,25,879.36,-6.27085,54.8707,5.00831,-115.261,8.98755,
2026_07_06_17_07_34.750,3.869,30,0,0.758,0,0,0,0, ,0,0,0,0,0, ,784.7,-71.8,-426.8,15.7,-196.3,25.2,25,874.329,-10.4865,26.7346,5.86702,-120.739,10.0974,
2026_07_06_17_07_34.769,3.869,30,0,0.758,0,0,0,0, ,0,0,0,0,0, ,778.4,-96,-488.2,2.4,-176.6,19.9,25,868.675,-14.9601,-2.77348,6.06099,-124.743,10.8562,
2026_07_06_17_07_34.790,3.869,30,0,0.758,0,0,0,0, ,0,0,0,0,0, ,730.8,-110.2,-573.9,4.3,-164.9,19.4,25,861.723,-20.3311,-34.9653,5.89579,-127.547,11.3921,
2026_07_06_17_07_34.809,3.869,29.9,0,0.758,0,0,0,0, ,0,0,0,0,0, ,696.8,-110.7,-633.6,-3.1,-152.2,16.2,25,852.709,-25.8227,-69.6256,5.57307,-129.436,11.7826,
2026_07_06_17_07_34.830,3.869,30,0,0.758,0,0,0,0, ,0,0,0,0,0, ,667.3,-133.5,-687.6,-5.6,-154.3,16.2,25,842.31,-31.6896,-105.638,4.96839,-130.887,12.0517,
2026_07_06_17_07_34.849,3.869,30,0,0.759,0,0,0,0, ,0,0,0,0,0, ,633.7,-131.1,-744.1,-9.8,-168.6,22.1,25,830.621,-37.8206,-142.823,4.19641,-132.75,12.4843,
2026_07_06_17_07_34.869,3.869,29.9,0,0.759,0,0,0,0, ,0,0,0,0,0, ,581.1,-122.3,-765.9,-14.4,-187.3,27.9,25,817.019,-43.2367,-180.127,3.20334,-135.504,13.247,
2026_07_06_17_07_34.888,3.869,30,0,0.76,0,0,0,0, ,0,0,0,0,0, ,531.3,-123.7,-760.9,-33,-181,35.5,25,801.125,-48.0972,-215.671,1.56392,-138.468,14.3715,
2026_07_06_17_07_34.910,3.869,30,0,0.758,0,0,0,0, ,0,0,0,0,0, ,510.9,-114,-808.1,-37.3,-166.6,32.3,25,784.061,-52.4087,-250.334,-0.673332,-140.621,15.5615,
2026_07_06_17_07_34.928,3.869,30,0,0.759,0,0,0,0, ,0,0,0,0,0, ,471.5,-109,-857.6,-41.6,-160.6,32.6,25,766.215,-56.0096,-285.831,-3.03629,-142.022,16.5906,
2026_07_06_17_07_34.948,3.869,30,0,0.757,0,0,0,0, ,0,0,0,0,0, ,373.5,-108.3,-923.9,-47.9,-162.8,44.9,25,745.27,-59.2174,-322.693,-5.57821,-143.221,17.941,
2026_07_06_17_07_34.967,3.869,30,0,0.759,0,0,0,0, ,0,0,0,0,0, ,328.1,-100.5,-967.2,-34.1,-160.3,41.4,25,721.232,-61.9707,-360.648,-7.73673,-144.338,19.4771,
2026_07_06_17_07_34.988,3.869,30,0,0.759,0,0,0,0, ,0,0,0,0,0, ,231.9,-66.1,-950.1,-23.8,-146.8,25.2,25,694.344,-63.2705,-397.089,-9.02941,-144.899,20.3195,
2026_07_06_17_07_35.013,3.869,30,0,0.759,0,0,0,0, ,0,0,0,0,0, ,277,-94.3,-898.5,-27.3,-102.2,18.4,25,667.538,-64.3021,-429.216,-10.0361,-143.656,20.4097,
2026_07_06_17_07_35.035,3.869,30,0,0.758,0,0,0,0, ,0,0,0,0,0, ,285.5,-96.1,-929.9,-30.1,-67.7,30.8,25,643.999,-66.1849,-458.77,-11.1735,-140.079,20.665,
2026_07_06_17_07_35.047,3.869,30,0,0.759,0,0,0,0, ,0,0,0,0,0, ,244.9,-81.1,-925.9,-34,-54,39.1,25,620.916,-67.5509,-487.357,-12.4456,-135.251,21.5355,
2026_07_06_17_07_35.067,3.869,30.1,0,0.759,0,0,0,0, ,0,0,0,0,0, ,182,-50.7,-974.7,-34.5,-37.7,31.2,25,596.086,-67.4503,-515.568,-13.7743,-129.803,22.3652,
2026_07_06_17_07_35.086,3.869,30,0,0.759,0,0,0,0, ,0,0,0,0,0, ,202.3,-61.5,-1011.5,-28.4,-25.5,17.7,25,571.471,-66.7586,-544.668,-14.8514,-123.819,22.4922,
2026_07_06_17_07_35.107,3.869,30,0,0.759,0,0,0,0, ,0,0,0,0,0, ,203.8,-64.4,-1028,-21.9,-8.4,16.7,25,549.02,-66.5265,-573.618,-15.479,-117.306,22.1697,
2026_07_06_17_07_35.125,3.869,30,0,0.758,0,0,0,0, ,0,0,0,0,0, ,172.9,-44,-1004.2,-18.4,5.3,19.2,25,527.042,-65.7754,-600.582,-15.7636,-110.252,21.9126,
2026_07_06_17_07_35.144,3.869,30,0,0.758,0,0,0,0, ,0,0,0,0,0, ,139.7,-34.3,-1026,-20.3,10.4,15.9,25,504.45,-64.1529,-625.841,-15.9822,-103.056,21.6467,
2026_07_06_17_07_35.165,3.869,30,0,0.759,0,0,0,0, ,0,0,0,0,0, ,120.8,-32.2,-1058.9,-18.2,-0.6,12.9,25,481.647,-62.2697,-651.228,-16.1813,-96.477,21.2051,
2026_07_06_17_07_35.187,3.869,30.1,0,0.759,0,0,0,0, ,0,0,0,0,0, ,135.8,-24.5,-1054.5,-12.9,-7.8,8.5,25,460.115,-60.2028,-675.937,-16.1429,-90.8538,20.565,
2026_07_06_17_07_35.205,3.869,29.9,0,0.759,0,0,0,0, ,0,0,0,0,0, ,153.9,-22.9,-1048.5,-10,8.2,5,25,440.904,-57.9784,-698.823,-15.8569,-85.3053,19.7231,
2026_07_06_17_07_35.226,3.869,30.1,0,0.759,0,0,0,0, ,0,0,0,0,0, ,126.5,-15.5,-1033.4,-6.4,25,3.5,25,422.579,-55.6153,-719.671,-15.3903,-79.0954,18.7802,
2026_07_06_17_07_35.243,3.869,30,0,0.761,0,0,0,0, ,0,0,0,0,0, ,146.4,-13.9,-1019,-3.6,17.5,3,25,405.143,-53.122,-738.35,-14.7571,-72.9806,17.8339,
2026_07_06_17_07_35.265,3.869,29.9,0,0.756,0,0,0,0, ,0,0,0,0,0, ,164.6,-14,-1012.8,-1.2,9.4,4.3,25,389.931,-50.735,-755.263,-14.0041,-67.7137,16.9695,
2026_07_06_17_07_35.284,3.869,30,0,0.759,0,0,0,0, ,0,0,0,0,0, ,200.6,-14.2,-1022.9,2.1,25.8,3.6,25,377.297,-48.5025,-771.265,-13.1233,-62.5149,16.1761,
2026_07_06_17_07_35.306,3.869,30,0,0.757,0,0,0,0, ,0,0,0,0,0, ,235.7,-26,-1014.8,7.2,54.9,3.9,25,367.599,-46.7718,-786.352,-12.0403,-56.2466,15.4189,
2026_07_06_17_07_35.328,3.869,30,0,0.76,0,0,0,0, ,0,0,0,0,0, ,244.5,-22,-1005.9,9.6,103.8,1.1,25,359.829,-45.3841,-800.002,-10.7947,-47.9837,14.6317,
2026_07_06_17_07_35.349,3.869,30,0,0.757,0,0,0,0, ,0,0,0,0,0, ,312.5,-21.6,-1025.7,11.6,152,-4.8,25,354.873,-43.947,-813.152,-9.49094,-37.2658,13.6273,
2026_07_06_17_07_35.363,3.869,30,0,0.757,0,0,0,0, ,0,0,0,0,0, ,372.9,-29,-1041.6,22.2,187.4,-7.6,25,354.131,-42.8107,-826.589,-7.88275,-24.6538,12.4191,
2026_07_06_17_07_35.383,3.869,29.9,0,0.759,0,0,0,0, ,0,0,0,0,0, ,405.2,-33.3,-1039,29.9,204,-8.2,25,356.259,-42.1001,-839.612,-5.81497,-11.226,11.1809,
2026_07_06_17_07_35.402,3.869,30.1,0,0.758,0,0,0,0, ,0,0,0,0,0, ,482,-55.4,-1010.3,34.9,229.9,-15.5,25,361.581,-42.2372,-850.887,-3.48625,2.67848,9.77746,
2026_07_06_17_07_35.424,3.869,30.1,0,0.76,0,0,0,0, ,0,0,0,0,0, ,502.8,-55,-878.1,43.2,244,-14.3,25,369.553,-43.0271,-856.574,-0.894193,16.9544,8.27368,
2026_07_06_17_07_35.442,3.869,29.9,0,0.758,0,0,0,0, ,0,0,0,0,0, ,573.4,-74.9,-836.1,30,229.9,-16.4,25,379.824,-44.363,-856.606,1.39061,30.3604,6.83411,
2026_07_06_17_07_35.464,3.869,30,0,0.758,0,0,0,0, ,0,0,0,0,0, ,617,-91.7,-799.5,25.3,215.5,-13.6,25,392.949,-46.7358,-854.241,2.99079,42.0811,5.5036,
2026_07_06_17_07_35.482,3.869,30,0,0.758,0,0,0,0, ,0,0,0,0,0, ,629,-99.3,-752.8,26.6,197.6,-12,25,406.967,-49.7073,-849.482,4.38987,52.1034,4.38822,
2026_07_06_17_07_35.503,3.869,30,0,0.759,0,0,0,0, ,0,0,0,0,0, ,653.3,-79.3,-682.1,30.4,189.1,-16.5,25,421.238,-52.12,-841.437,5.85908,60.7106,3.25245,
2026_07_06_17_07_35.522,3.869,30.1,0,0.757,0,0,0,0, ,0,0,0,0,0, ,711.4,-68.7,-585.6,24.5,186.6,-19.1,25,437.149,-53.4533,-828.787,7.17478,68.4582,1.96957,
2026_07_06_17_07_35.542,3.869,30,0,0.759,0,0,0,0, ,0,0,0,0,0, ,772.4,-71,-535.7,17.3,186,-19.6,25,455.72,-54.4525,-812.447,8.01116,75.6392,0.670408,
2026_07_06_17_07_35.561,3.869,30,0,0.758,0,0,0,0, ,0,0,0,0,0, ,793.8,-66,-519,13.8,179.7,-23.6,25,475.67,-55.3085,-795.074,8.47055,82.1723,-0.686694,
2026_07_06_17_07_35.582,3.869,30,0,0.758,0,0,0,0, ,0,0,0,0,0, ,844.1,-63.8,-427.2,11.4,165.2,-24.3,25,496.588,-55.893,-775.454,8.72219,87.6736,-2.1043,
2026_07_06_17_07_35.600,3.869,30,0,0.759,0,0,0,0, ,0,0,0,0,0, ,915,-80.2,-392.8,8.9,163.4,-21.6,25,519.925,-56.8745,-753.184,8.8092,92.343,-3.37459,
2026_07_06_17_07_35.621,3.869,30,0,0.76,0,0,0,0, ,0,0,0,0,0, ,941,-74.9,-372.1,9.4,180.8,-23.8,25,544.792,-58.1344,-730.592,8.82997,97.2032,-4.55223,
2026_07_06_17_07_35.641,3.869,30,0,0.76,0,0,0,0, ,0,0,0,0,0, ,939.9,-70.6,-308.8,10.6,193.6,-29.7,25,568.903,-59.0251,-706.818,8.90127,102.687,-5.90491,
2026_07_06_17_07_35.664,3.869,30,0,0.759,0,0,0,0, ,0,0,0,0,0, ,962.8,-64.3,-222.1,10.9,193.8,-30.4,25,592.208,-59.5385,-679.922,9.01392,108.233,-7.37625,
2026_07_06_17_07_35.680,3.869,30,0,0.758,0,0,0,0, ,0,0,0,0,0, ,996.2,-44,-134.6,6.2,194.1,-26.4,25,615.809,-59.2101,-649.358,8.98565,113.457,-8.65738,
2026_07_06_17_07_35.703,3.869,30,0,0.758,0,0,0,0, ,0,0,0,0,0, ,1020.2,-40.6,-64.2,2.8,208.5,-24.6,25,639.72,-58.1796,-615.845,8.71231,118.81,-9.68373,
2026_07_06_17_07_35.718,3.869,29.9,0,0.759,0,0,0,0, ,0,0,0,0,0, ,985.3,-42.8,-24.6,6.5,230,-28.3,25,661.842,-57.1754,-581.022,8.46476,124.93,-10.7054,
2026_07_06_17_07_35.741,3.869,30.1,0,0.759,0,0,0,0, ,0,0,0,0,0, ,926.2,-35.4,13.3,17.3,232.7,-36.4,25,679.752,-56.0739,-545.96,8.6741,131.415,-12.0244,
2026_07_06_17_07_35.759,3.869,30,0,0.759,0,0,0,0, ,0,0,0,0,0, ,887,-21.9,89.4,18,213.5,-37.8,25,693.576,-54.4028,-509.562,9.22107,137.002,-13.5524,
2026_07_06_17_07_35.780,3.869,29.9,0,0.759,0,0,0,0, ,0,0,0,0,0, ,862.6,-4.6,172.8,16.4,171,-35.8,25,704.619,-51.895,-470.522,9.70728,140.369,-14.9691,
2026_07_06_17_07_35.799,3.869,30.1,0,0.758,0,0,0,0, ,0,0,0,0,0, ,857.5,5.9,217.5,13,119.3,-29.6,25,714.091,-48.6931,-429.957,10.0115,140.66,-16.0496,
2026_07_06_17_07_35.820,3.869,30,0,0.757,0,0,0,0, ,0,0,0,0,0, ,848,25.1,259.7,13.2,79,-22.3,25,722.54,-44.7813,-389.217,10.1997,138.131,-16.6529,
2026_07_06_17_07_35.837,3.869,30,0,0.758,0,0,0,0, ,0,0,0,0,0, ,845.8,43,293.5,15.2,58.7,-23.5,25,730.118,-39.9775,-348.644,10.4435,133.909,-17.0336,
2026_07_06_17_07_35.859,3.869,30,0,0.759,0,0,0,0, ,0,0,0,0,0, ,882.2,62.7,332.5,18.8,57.7,-29.9,25,738.277,-34.3209,-308.325,10.843,129.295,-17.6226,
2026_07_06_17_07_35.878,3.869,30,0,0.758,0,0,0,0, ,0,0,0,0,0, ,907.8,62.7,376.7,19.1,52.7,-30,25,747.827,-28.4086,-267.928,11.3371,124.78,-18.3738,
2026_07_06_17_07_35.900,3.869,29.9,0,0.758,0,0,0,0, ,0,0,0,0,0, ,909.7,63.3,409.3,15.8,38.2,-25.5,25,757.633,-22.8384,-227.653,11.7096,119.946,-18.9452,
2026_07_06_17_07_35.916,3.869,29.9,0,0.758,0,0,0,0, ,0,0,0,0,0, ,899.1,80.6,426.7,12.2,18.8,-20.2,25,766.577,-17.0623,-188.308,11.8491,114.374,-19.1831,
2026_07_06_17_07_35.937,3.869,30,0,0.758,0,0,0,0, ,0,0,0,0,0, ,905,92.6,420.8,10.6,0.8,-18.5,25,774.832,-10.7453,-151.011,11.8218,108.001,-19.1933,
2026_07_06_17_07_35.957,3.869,30,0,0.757,0,0,0,0, ,0,0,0,0,0, ,923.5,90,412.8,9.5,-9.7,-15.7,25,783.328,-4.52696,-116.41,11.7138,101.149,-19.0657,
2026_07_06_17_07_35.979,3.869,29.9,0,0.759,0,0,0,0, ,0,0,0,0,0, ,1005.3,98.6,429.9,8.1,-3.4,-8.9,25,794.362,1.49531,-83.6401,11.5362,94.5858,-18.6534,
2026_07_06_17_07_35.995,3.869,29.9,0,0.758,0,0,0,0, ,0,0,0,0,0, ,982.7,126.3,449.5,5.4,20.4,-5.8,25,806.528,8.25661,-51.7491,11.2446,89.3399,-17.9646,
2026_07_06_17_07_36.017,3.869,30,0,0.758,0,0,0,0, ,0,0,0,0,0, ,927,131.2,429.6,-0.8,4.7,-2.5,25,815.566,15.5992,-21.8106,10.6995,84.6605,-17.1228,
2026_07_06_17_07_36.035,3.869,29.9,0,0.758,0,0,0,0, ,0,0,0,0,0, ,914.1,124.2,410.1,-1.7,-3.5,-3.3,25,821.963,22.4303,5.10312,9.97134,79.5381,-16.2561,
2026_07_06_17_07_36.059,3.869,29.9,0,0.759,0,0,0,0, ,0,0,0,0,0, ,917.3,104.7,401,-1.7,-10.5,-1.8,25,827.675,28.0378,29.5054,9.26012,74.2647,-15.4209,
2026_07_06_17_07_36.075,3.869,29.9,0,0.76,0,0,0,0, ,0,0,0,0,0, ,895.8,100.8,400.1,-0.4,-11.9,-1.8,25,832.482,32.5905,52.1159,8.63185,69.0567,-14.5909,
2026_07_06_17_07_36.096,3.869,30,0,0.759,0,0,0,0, ,0,0,0,0,0, ,900.3,98.2,384.3,0.6,-12.3,-2,25,836.477,36.6678,72.8398,8.11194,64.1112,-13.8175,
2026_07_06_17_07_36.115,3.869,30,0,0.759,0,0,0,0, ,0,0,0,0,0, ,911,93.2,369.7,0,-5.8,-0.8,25,840.693,40.2651,91.3745,7.6359,59.6529,-13.0608,
2026_07_06_17_07_36.136,3.869,30,0,0.76,0,0,0,0, ,0,0,0,0,0, ,905,99.8,370.1,0.6,-4.7,-1.4,25,844.794,43.6919,108.347,7.18887,55.6979,-12.332,
2026_07_06_17_07_36.155,3.869,30,0,0.758,0,0,0,0, ,0,0,0,0,0, ,902.4,94.6,384.8,-0.1,-6.7,-0.6,25,848.384,46.9526,124.746,6.76603,51.9565,-11.6414,
2026_07_06_17_07_36.177,3.869,30,0,0.759,0,0,0,0, ,0,0,0,0,0, ,908.8,105.8,390.6,-1,-7.8,-2.7,25,851.87,50.1973,140.769,6.32021,48.3486,-11.0326,
2026_07_06_17_07_36.193,3.869,30,0,0.758,0,0,0,0, ,0,0,0,0,0, ,937.8,103.1,382.5,-0.9,-7.2,-2.6,25,856.223,53.5034,155.747,5.87718,44.9453,-10.5218,
2026_07_06_17_07_36.216,3.869,29.9,0,0.758,0,0,0,0, ,0,0,0,0,0, ,934,101.8,355.8,-1.3,-3.8,0.7,25,861.078,56.486,168.751,5.45201,41.8713,-9.93848,
2026_07_06_17_07_36.233,3.869,29.9,0,0.759,0,0,0,0, ,0,0,0,0,0, ,905.8,97.5,353.6,-1.6,-0.6,0.4,25,864.663,59.1163,180.082,5.03142,39.1857,-9.29934,
2026_07_06_17_07_36.257,3.869,30,0,0.759,0,0,0,0, ,0,0,0,0,0, ,895.3,100.5,368.7,-1.2,0.2,-2.4,25,866.85,61.5468,191.116,4.6395,36.7856,-8.79359,
2026_07_06_17_07_36.273,3.869,30,0,0.758,0,0,0,0, ,0,0,0,0,0, ,915.8,101.9,377.3,-1,-0.8,-3,25,869.208,63.9631,202.2,4.28975,34.5257,-8.42227,
2026_07_06_17_07_36.295,3.869,30,0,0.758,0,0,0,0, ,0,0,0,0,0, ,921.3,97.7,361.5,-1.5,0.9,-3.1,25,872.215,66.1469,212.388,3.95217,32.4249,-8.09489,
2026_07_06_17_07_36.314,3.869,29.9,0,0.758,0,0,0,0, ,0,0,0,0,0, ,908.2,94.4,377.5,-0.5,1.6,-2,25,874.807,67.9692,221.962,3.6504,30.5251,-7.757,
2026_07_06_17_07_36.336,3.869,30.1,0,0.759,0,0,0,0, ,0,0,0,0,0, ,908.6,105.3,385.2,-0.3,-1.9,-1.7,25,876.854,69.9119,231.675,3.40358,28.6559,-7.39704,
2026_07_06_17_07_36.352,3.869,30,0,0.758,0,0,0,0, ,0,0,0,0,0, ,921.2,104.2,372.1,-2.1,-4.9,-2.2,25,879.172,72.0348,240.631,3.12305,26.7025,-7.06511,
2026_07_06_17_07_36.374,3.869,30.1,0,0.759,0,0,0,0, ,0,0,0,0,0, ,921.9,100.8,369.6,-2,-2.2,-2,25,881.755,73.8913,248.567,2.80782,24.859,-6.76255,
2026_07_06_17_07_36.391,3.869,30,0,0.76,0,0,0,0, ,0,0,0,0,0, ,910.6,100.9,380.3,-0.8,0.3,-2.7,25,883.857,75.5341,256.268,2.5514,23.2862,-6.49366,
2026_07_06_17_07_36.414,3.869,30,0,0.759,0,0,0,0, ,0,0,0,0,0, ,921.2,95,368.4,-1.1,-0.2,-2.5,25,885.809,76.9001,263.464,2.33804,21.8703,-6.25639,
2026_07_06_17_07_36.430,3.869,30,0,0.757,0,0,0,0, ,0,0,0,0,0, ,932.6,99.3,350.7,0.2,0.7,-1.5,25,888.313,78.1341,269.319,2.16814,20.5528,-5.99702,
2026_07_06_17_07_36.454,3.869,30,0,0.759,0,0,0,0, ,0,0,0,0,0, ,912.7,97.6,362.9,-0.1,1.1,0,25,890.406,79.3721,274.65,2.03907,19.3552,-5.67728,
2026_07_06_17_07_36.470,3.869,29.9,0,0.759,0,0,0,0, ,0,0,0,0,0, ,901.6,103.6,372,-0.7,-2.2,-0.5,25,891.426,80.6656,280.305,1.89044,18.1422,-5.34655,
2026_07_06_17_07_36.493,3.869,30.1,0,0.759,0,0,0,0, ,0,0,0,0,0, ,913.4,107.1,367.1,-0.6,-2.3,-2.1,25,892.406,82.1698,285.743,1.73563,16.8996,-5.09997,
2026_07_06_17_07_36.510,3.869,30.1,0,0.758,0,0,0,0, ,0,0,0,0,0, ,926.8,102.7,369.3,-0.6,-1.1,-2.6,25,894.093,83.555,290.768,1.5933,15.7662,-4.93239,
2026_07_06_17_07_36.533,3.869,30,0,0.758,0,0,0,0, ,0,0,0,0,0, ,925.1,99.8,370.8,0.4,0.5,-1.2,25,896.035,84.6332,295.599,1.49011,14.7871,-4.7476,
2026_07_06_17_07_36.550,3.869,30,0,0.758,0,0,0,0, ,0,0,0,0,0, ,909.6,102.5,374.3,0.1,0.2,-0.5,25,897.333,85.6397,300.288,1.41455,13.9074,-4.51009,
2026_07_06_17_07_36.575,3.869,30,0,0.759,0,0,0,0, ,0,0,0,0,0, ,911.2,93.6,368.5,-1.3,-2.2,-0.8,25,898.13,86.396,304.622,1.29178,12.999,-4.27487,
2026_07_06_17_07_36.589,3.869,30.1,0,0.759,0,0,0,0, ,0,0,0,0,0, ,919.4,98.1,371,-0.8,-2.7,-1,25,899.176,86.9721,308.59,1.14908,12.0575,-4.06921,
2026_07_06_17_07_36.612,3.869,30,0,0.76,0,0,0,0, ,0,0,0,0,0, ,913,99.6,389.7,-0.6,-2.7,-1.2,25,900.213,87.6959,312.963,1.0364,11.1582,-3.88828,
2026_07_06_17_07_36.629,3.869,30.1,0,0.757,0,0,0,0, ,0,0,0,0,0, ,901,98.3,381.9,-2.6,-5.3,-1.2,25,900.627,88.3817,317.402,0.875747,10.2345,-3.72446,
2026_07_06_17_07_36.652,3.869,30,0,0.76,0,0,0,0, ,0,0,0,0,0, ,908.2,97.9,365.1,-3.9,-4.4,-2.7,25,900.869,88.9739,320.82,0.624334,9.31532,-3.61633,
2026_07_06_17_07_36.667,3.869,30,0,0.759,0,0,0,0, ,0,0,0,0,0, ,910.6,101.1,367.1,-4,1.4,-4.6,25,901.389,89.6153,323.579,0.345586,8.65627,-3.61838,
2026_07_06_17_07_36.692,3.869,29.9,0,0.759,0,0,0,0, ,0,0,0,0,0, ,912.2,99.1,383.7,-5.6,3.8,-4.5,25,901.999,90.2542,326.737,0.0320268,8.28721,-3.67515,
2026_07_06_17_07_36.708,3.869,29.9,0,0.758,0,0,0,0, ,0,0,0,0,0, ,911.6,122.1,449.9,-16.6,16.4,-8.6,25,902.602,91.4941,332.226,-0.646331,8.39768,-3.85034,
2026_07_06_17_07_36.732,3.869,29.9,0,0.759,0,0,0,0, ,0,0,0,0,0, ,994.3,151,541.3,-41.8,79.2,-19.7,25,905.67,94.2397,342.181,-2.38632,10.7988,-4.47797,
2026_07_06_17_07_36.747,3.869,30.1,0,0.758,0,0,0,0, ,0,0,0,0,0, ,1181.5,139.8,560,-30.9,231.2,-28.7,25,916.775,97.3572,354.885,-4.45598,19.5982,-5.67978,
2026_07_06_17_07_36.769,3.869,29.9,0,0.759,0,0,0,0, ,0,0,0,0,0, ,1289,54.5,415.1,-38.7,250.1,-58.4,25,936.182,97.3446,362.969,-6.30507,33.0685,-7.9875,
2026_07_06_17_07_36.788,3.869,30,0,0.758,0,0,0,0, ,0,0,0,0,0, ,1216,-9.7,317.3,-25.7,250.1,-53.8,25,955.458,92.7777,363.166,-7.88304,46.2939,-10.9194,
2026_07_06_17_07_36.811,3.869,30.1,0,0.758,0,0,0,0, ,0,0,0,0,0, ,911.7,-43.4,224.9,-16.7,250.1,-13.7,25,962.063,85.5062,357.556,-8.69454,58.7133,-12.3106,
2026_07_06_17_07_36.826,3.869,30,0,0.758,0,0,0,0, ,0,0,0,0,0, ,546.5,6.1,278.3,12.2,250.1,31.9,25,947.867,79.1591,351.099,-8.30183,70.376,-11.0059,
2026_07_06_17_07_36.849,3.869,30,0,0.759,0,0,0,0, ,0,0,0,0,0, ,305.6,114.7,488.5,39.1,250.1,74.9,25,916.068,78.016,353.067,-6.23289,81.3279,-7.08116,
2026_07_06_17_07_36.867,3.869,30,0,0.757,0,0,0,0, ,0,0,0,0,0, ,78.7,230.1,657.7,58.1,210.4,97.5,25,871.955,83.7675,366.476,-2.89151,90.4028,-1.39684,
2026_07_06_17_07_36.893,3.869,30,0,0.759,0,0,0,0, ,0,0,0,0,0, ,-67.2,293.5,887.6,71.3,128.9,97,25,819.17,94.6164,391.227,1.22735,95.232,4.61445,
2026_07_06_17_07_36.905,3.869,29.9,0,0.76,0,0,0,0, ,0,0,0,0,0, ,-142.9,346.6,1015.6,68.6,68.2,81,25,762.851,108.354,425.375,5.41513,95.4341,9.7567,
2026_07_06_17_07_36.929,3.869,30,0,0.76,0,0,0,0, ,0,0,0,0,0, ,-154.5,413,1167.7,57.9,-53.9,89.1,25,707.303,124.895,465.976,8.93944,90.0543,14.3449,
2026_07_06_17_07_36.945,3.869,29.9,0,0.759,0,0,0,0, ,0,0,0,0,0, ,-184.5,413.6,1494.2,16.6,-250.1,151.1,25,653.873,142.47,518.685,10.6646,75.3041,20.7893,
2026_07_06_17_07_36.968,3.869,30,0,0.757,0,0,0,0, ,0,0,0,0,0, ,-111,294.9,1433.9,-47.2,-250.1,192.4,25,605.024,155.375,576.293,9.0824,55.4748,29.9885,
2026_07_06_17_07_36.984,3.869,29.9,0,0.758,0,0,0,0, ,0,0,0,0,0, ,200.9,129.5,1194.7,-85.8,-250.1,154,25,570.894,158.838,621.266,4.4766,36.8539,38.7154,
2026_07_06_17_07_37.009,3.869,30.1,0,0.759,0,0,0,0, ,0,0,0,0,0, ,428.4,94.8,839.9,-105.2,-250.1,81.6,25,555.28,155.993,645.399,-1.61573,19.3676,43.5347,
2026_07_06_17_07_37.025,3.869,30,0,0.758,0,0,0,0, ,0,0,0,0,0, ,685.6,110.2,683.4,-90.8,-250.1,38.8,25,555.384,152.733,652.483,-7.48914,2.94694,44.5502,
2026_07_06_17_07_37.050,3.869,29.9,0,0.758,0,0,0,0, ,0,0,0,0,0, ,837.8,38.5,467.7,-97.4,-250.1,48.4,25,567.957,147.957,647.795,-12.767,-12.4731,44.4923,
2026_07_06_17_07_37.064,3.869,30,0,0.758,0,0,0,0, ,0,0,0,0,0, ,836.3,-12.9,105.8,-95.3,-250.1,46.5,25,584.355,139.72,625.794,-17.8603,-26.9535,44.6725,
2026_07_06_17_07_37.088,3.869,29.9,0,0.76,0,0,0,0, ,0,0,0,0,0, ,797.4,-48.7,-204.7,-70.5,-250.1,24.3,25,598.522,129.329,584.646,-21.8237,-40.5515,44.1075,
2026_07_06_17_07_37.104,3.869,30,0,0.759,0,0,0,0, ,0,0,0,0,0, ,830.8,-92,-401.3,-48.4,-250.1,8,25,611.659,117.161,530.555,-24.1165,-53.3208,42.4038,
2026_07_06_17_07_37.126,3.869,29.9,0,0.758,0,0,0,0, ,0,0,0,0,0, ,896.6,-123.7,-503.2,-24.1,-250.1,2,25,627.018,103.45,470.665,-24.8559,-65.3121,40.1245,
2026_07_06_17_07_37.145,3.869,29.9,0,0.759,0,0,0,0, ,0,0,0,0,0, ,951.2,-97.6,-474.1,-7.7,-131.8,-7.8,25,645.109,90.4031,412.207,-24.3102,-72.9681,37.5027,
2026_07_06_17_07_37.168,3.869,30,0,0.759,0,0,0,0, ,0,0,0,0,0, ,937.8,-70.3,-388.1,-4.1,-31,-11.4,25,663.353,79.7785,360.818,-23.1883,-73.482,34.6324,
2026_07_06_17_07_37.182,3.869,30,0,0.758,0,0,0,0, ,0,0,0,0,0, ,869.2,-63.5,-334.9,-11.4,21.8,-17.3,25,677.987,70.8402,316.802,-22.2475,-69.2845,31.6475,
2026_07_06_17_07_37.207,3.869,30,0,0.758,0,0,0,0, ,0,0,0,0,0, ,859.1,-65.9,-338,-23.5,36.7,-21.5,25,689.331,62.5808,276.994,-21.9552,-63.28,28.5368,
2026_07_06_17_07_37.222,3.869,29.9,0,0.759,0,0,0,0, ,0,0,0,0,0, ,905.3,-67.2,-373.9,-32.8,35,-21.1,25,701.084,54.7118,238.424,-22.3327,-57.2393,25.4999,
2026_07_06_17_07_37.247,3.869,30,0,0.758,0,0,0,0, ,0,0,0,0,0, ,947.3,-56.3,-421.2,-28,39,-17.2,25,714.808,47.615,199.67,-22.8243,-51.4966,22.779,
2026_07_06_17_07_37.263,3.869,29.9,0,0.759,0,0,0,0, ,0,0,0,0,0, ,961.3,-29.2,-406,-16,47.6,-16.5,25,729.402,42.1083,162.298,-22.774,-45.7199,20.3642,
2026_07_06_17_07_37.287,3.869,30,0,0.758,0,0,0,0, ,0,0,0,0,0, ,965.4,-6.7,-342.6,-8.7,40.3,-15.2,25,743.659,38.4485,129.6,-22.1388,-40.2557,18.1574,
2026_07_06_17_07_37.302,3.869,29.9,0,0.758,0,0,0,0, ,0,0,0,0,0, ,997.4,14.5,-277.5,-5.9,23.4,-12.6,25,758.146,36.3432,102.808,-21.2346,-35.8617,16.2039,
2026_07_06_17_07_37.325,3.869,30,0,0.758,0,0,0,0, ,0,0,0,0,0, ,1037.7,17,-242.3,-3,13.7,-8.5,25,773.953,35.0883,80.7058,-20.2118,-32.546,14.5735,
2026_07_06_17_07_37.341,3.869,29.9,0,0.758,0,0,0,0, ,0,0,0,0,0, ,1043,15.9,-237,-2.9,12.1,-5.4,25,790.187,33.9526,61.1841,-19.1599,-29.7766,13.262,
2026_07_06_17_07_37.365,3.869,30,0,0.757,0,0,0,0, ,0,0,0,0,0, ,1037.3,10.8,-209.8,-3.2,16.5,-1.8,25,805.419,32.6971,43.8423,-18.1782,-27.0907,12.2344,
2026_07_06_17_07_37.381,3.869,29.9,0,0.757,0,0,0,0, ,0,0,0,0,0, ,982.4,20,-190.7,-4.5,25.8,-0.3,25,817.877,31.6431,28.9679,-17.3051,-24.151,11.4249,
2026_07_06_17_07_37.405,3.869,29.9,0,0.759,0,0,0,0, ,0,0,0,0,0, ,944.8,19.2,-164.3,-8.1,24.5,-3.4,25,826.757,30.9092,16.3863,-16.6344,-21.1468,10.616,
2026_07_06_17_07_37.417,3.869,30,0,0.76,0,0,0,0, ,0,0,0,0,0, ,957,11.8,-183.8,-12,22.3,-6.1,25,834.322,29.9702,4.78158,-16.2332,-18.4322,9.67961,
2026_07_06_17_07_37.445,3.869,30,0,0.758,0,0,0,0, ,0,0,0,0,0, ,962.6,9.2,-203.4,-13.3,22.7,-6.1,25,841.968,28.7837,-7.3073,-16.0149,-15.9379,8.71804,
2026_07_06_17_07_37.460,3.869,30,0,0.758,0,0,0,0, ,0,0,0,0,0, ,954.8,11.9,-212.6,-10.7,22.2,-6.5,25,849.081,27.6726,-19.537,-15.7702,-13.5986,7.80288,
2026_07_06_17_07_37.484,3.869,30,0,0.758,0,0,0,0, ,0,0,0,0,0, ,971.9,15.3,-218.3,-7,22,-7.9,25,856.045,26.8151,-31.4755,-15.3485,-11.4232,6.88864,
2026_07_06_17_07_37.500,3.869,30,0,0.759,0,0,0,0, ,0,0,0,0,0, ,988.8,20.1,-201.7,-5.3,18.2,-5.2,25,863.619,26.2596,-42.3543,-14.788,-9.5023,6.06972,
2026_07_06_17_07_37.524,3.869,30,0,0.758,0,0,0,0, ,0,0,0,0,0, ,981,22.2,-191.2,-5.4,13.4,-3.8,25,871.01,25.9482,-51.7445,-14.2128,-7.96044,5.42563,
2026_07_06_17_07_37.538,3.869,30,0,0.759,0,0,0,0, ,0,0,0,0,0, ,979.6,5.4,-183.9,-4.3,10.9,-5.7,25,877.67,25.208,-60.0201,-13.6423,-6.73496,4.80555,
2026_07_06_17_07_37.564,3.869,30,0,0.758,0,0,0,0, ,0,0,0,0,0, ,996.5,30.1,-178.9,-2.2,14.9,-5.3,25,884.396,24.7535,-67.4167,-13.009,-5.53845,4.17756,
2026_07_06_17_07_37.579,3.869,30,0,0.759,0,0,0,0, ,0,0,0,0,0, ,1000.3,26.8,-153.3,-5.6,19.2,-4.7,25,891.343,24.9787,-73.4302,-12.4539,-4.16197,3.6183,
2026_07_06_17_07_37.603,3.869,30,0,0.759,0,0,0,0, ,0,0,0,0,0, ,1013.6,34.4,-152.5,-7.4,21.7,-4.1,25,898.388,25.3213,-78.2729,-12.0911,-2.66218,3.12968,
2026_07_06_17_07_37.618,3.869,30,0,0.759,0,0,0,0, ,0,0,0,0,0, ,1094.8,28.8,-118,-9.2,48.1,-1.8,25,907.883,25.7039,-81.745,-11.8601,-0.373232,2.7592,
2026_07_06_17_07_37.644,3.869,29.9,0,0.759,0,0,0,0, ,0,0,0,0,0, ,1131.4,35.6,-58.1,-17.3,98.1,0,25,920.388,26.0998,-82.1292,-11.9448,4.10404,2.53622,
2026_07_06_17_07_37.658,3.869,30,0,0.759,0,0,0,0, ,0,0,0,0,0, ,1216.3,27.4,-11.3,-44.2,179,-1.4,25,935.834,26.4288,-79.239,-13.0907,12.2968,2.33901,
2026_07_06_17_07_37.681,3.869,30,0,0.758,0,0,0,0, ,0,0,0,0,0, ,1311.5,-38.8,-114.3,-32.9,250.1,4.3,25,955.825,24.471,-78.2372,-14.6422,24.6216,2.28484,
2026_07_06_17_07_37.696,3.869,29.9,0,0.759,0,0,0,0, ,0,0,0,0,0, ,1195.9,-83.7,-114.7,-16.6,250.1,-5.8,25,973.977,19.2474,-80.447,-15.2581,38.3617,2.0999,
2026_07_06_17_07_37.723,3.869,29.9,0,0.758,0,0,0,0, ,0,0,0,0,0, ,1057.9,-94.3,-69.2,-6.5,250.1,-16.6,25,983.296,12.651,-81.1479,-15.0321,51.2645,1.28944,
2026_07_06_17_07_37.737,3.869,30,0,0.756,0,0,0,0, ,0,0,0,0,0, ,940.7,-67.9,-8.9,10.9,250.1,-6.4,25,984.271,6.93808,-78.5826,-13.9821,63.3811,0.510085,
2026_07_06_17_07_37.762,3.869,30,0,0.759,0,0,0,0, ,0,0,0,0,0, ,668,12.2,65.4,50.2,250.1,-11,25,973.307,4.81818,-72.0725,-11.2684,74.7592,-0.0511549,
2026_07_06_17_07_37.776,3.869,30,0,0.759,0,0,0,0, ,0,0,0,0,0, ,388.1,67.3,245.2,91.1,250.1,-13.5,25,946.174,6.94684,-58.217,-6.27649,85.4441,-0.794522,
2026_07_06_17_07_37.802,3.869,30,0,0.759,0,0,0,0, ,0,0,0,0,0, ,102.6,151.4,479.7,117.7,250.1,-5.2,25,903.468,13.187,-32.5826,0.467862,95.4778,-1.31587,
2026_07_06_17_07_37.816,3.869,30,0,0.758,0,0,0,0, ,0,0,0,0,0, ,-87.2,314.2,741.4,130,250.1,15.4,25,848.882,26.5697,6.6083,7.98646,104.9,-0.924904,
2026_07_06_17_07_37.841,3.869,30,0,0.758,0,0,0,0, ,0,0,0,0,0, ,-194.2,394.6,1213.2,93.9,-6.6,67.7,25,788.579,46.5469,65.7598,14.3217,105.927,1.66341,
2026_07_06_17_07_37.856,3.869,30,0,0.759,0,0,0,0, ,0,0,0,0,0, ,-87.1,330.4,1383,33.5,-250.1,114.6,25,731.954,65.8002,140.856,17.3307,91.6506,7.1165,
2026_07_06_17_07_37.881,3.869,30,0,0.759,0,0,0,0, ,0,0,0,0,0, ,118.5,241.9,1265.1,-18,-250.1,116.1,25,688.308,79.2278,212.956,16.7469,70.8252,13.712,
2026_07_06_17_07_37.895,3.869,30,0,0.758,0,0,0,0, ,0,0,0,0,0, ,203.9,289,1169.1,-27.5,-250.1,61.1,25,656.187,90.5757,274.146,14.3401,51.2688,18.2755,
2026_07_06_17_07_37.921,3.869,30,0,0.758,0,0,0,0, ,0,0,0,0,0, ,409.5,255.1,1138,-62.4,-250.1,39.5,25,634.89,101.634,327.735,10.7271,32.9042,20.227,
2026_07_06_17_07_37.935,3.869,30,0,0.759,0,0,0,0, ,0,0,0,0,0, ,683.4,171.6,751.3,-114.4,-250.1,75.1,25,629.501,108.442,365.328,4.68652,15.6586,22.4861,
2026_07_06_17_07_37.961,3.869,30,0,0.758,0,0,0,0, ,0,0,0,0,0, ,817.1,55.7,272.3,-129.8,-250.1,97.6,25,636.859,108.759,374.254,-3.03954,-0.536064,26.3778,
2026_07_06_17_07_37.973,3.869,29.9,0,0.758,0,0,0,0, ,0,0,0,0,0, ,861.4,-35.1,-199.3,-106.9,-250.1,87.3,25,649.192,102.759,353.672,-10.0663,-15.7439,30.4041,
2026_07_06_17_07_37.999,3.869,30,0,0.76,0,0,0,0, ,0,0,0,0,0, ,912.5,-104.8,-531.3,-63.7,-250.1,55.8,25,663.68,92.235,309.86,-14.6508,-30.0249,32.9114,
2026_07_06_17_07_38.014,3.869,30,0,0.758,0,0,0,0, ,0,0,0,0,0, ,948.1,-124.5,-632.8,-43.9,-250.1,36,25,679.928,79.6279,255.509,-17.0365,-43.4358,33.7029,
2026_07_06_17_07_38.040,3.869,30,0,0.757,0,0,0,0, ,0,0,0,0,0, ,1075.5,-114.7,-598.7,-5.8,-250.1,11.8,25,700.151,67.4875,202.417,-17.5126,-56.0294,33.1055,
2026_07_06_17_07_38.054,3.869,30,0,0.759,0,0,0,0, ,0,0,0,0,0, ,1017.9,-60.6,-479.8,9.4,-48,2.8,25,721.269,58.0338,157.221,-16.3358,-61.6978,31.533,
2026_07_06_17_07_38.078,3.869,30,0,0.758,0,0,0,0, ,0,0,0,0,0, ,815.1,-9.8,-357.1,0,87.1,-16.8,25,733.166,52.3524,122.141,-15.0539,-56.7468,29.1849,
2026_07_06_17_07_38.094,3.869,30,0,0.758,0,0,0,0, ,0,0,0,0,0, ,750.3,-2.9,-329.4,-18,127.4,-45.2,25,736.184,48.7752,93.7816,-14.685,-46.7532,25.5174,
2026_07_06_17_07_38.119,3.869,29.9,0,0.759,0,0,0,0, ,0,0,0,0,0, ,855.7,-40.5,-387,-27.8,116.6,-52.4,25,740.256,44.4806,66.239,-15.1856,-36.4698,20.9887,
2026_07_06_17_07_38.136,3.869,30,0,0.758,0,0,0,0, ,0,0,0,0,0, ,996.7,-56.6,-399.7,-25.4,84.2,-36.9,25,751.587,38.8116,38.2328,-15.8811,-28.1293,16.9888,
2026_07_06_17_07_38.163,3.869,29.9,0,0.759,0,0,0,0, ,0,0,0,0,0, ,983.7,-58.3,-420.1,-16.6,52,-14.1,25,766.127,32.9456,10.9247,-16.1931,-22.2653,14.3997,
2026_07_06_17_07_38.172,3.869,29.9,0,0.759,0,0,0,0, ,0,0,0,0,0, ,929.1,-27.4,-414.1,-3.5,22.2,-1.5,25,777.722,28.3268,-15.1581,-15.8187,-18.6478,13.0469,
2026_07_06_17_07_38.197,3.869,29.9,0,0.759,0,0,0,0, ,0,0,0,0,0, ,933.9,16.8,-333.6,7.9,4.9,-1,25,787.093,26.2777,-37.0159,-14.7207,-16.6857,12.1756,
2026_07_06_17_07_38.211,3.869,30,0,0.759,0,0,0,0, ,0,0,0,0,0, ,988.1,42.7,-229.8,9.1,-7,-2.1,25,797.69,26.4893,-51.9263,-13.3057,-15.7329,11.3392,
2026_07_06_17_07_38.237,3.869,30,0,0.759,0,0,0,0, ,0,0,0,0,0, ,1035.8,55.4,-161.9,4.1,-9.2,-0.8,25,810.747,27.8641,-60.6967,-12.0927,-15.2678,10.5599,
2026_07_06_17_07_38.252,3.869,29.9,0,0.758,0,0,0,0, ,0,0,0,0,0, ,1041.1,37.3,-182.2,-4.4,5.4,-0.2,25,824.622,28.9906,-67.4823,-11.3649,-14.4532,9.88593,
2026_07_06_17_07_38.277,3.869,29.9,0,0.758,0,0,0,0, ,0,0,0,0,0, ,972.9,36,-208.2,-8.8,17.7,-1,25,835.736,29.4573,-75.2651,-11.0746,-12.8686,9.24695,
2026_07_06_17_07_38.291,3.869,30,0,0.759,0,0,0,0, ,0,0,0,0,0, ,948.8,19.7,-256.7,-8.9,21,-4.2,25,843.36,29.3594,-84.8435,-10.939,-10.9053,8.52502,
2026_07_06_17_07_38.317,3.869,29.9,0,0.758,0,0,0,0, ,0,0,0,0,0, ,958.7,5.9,-278.4,-5.4,22.3,-5.1,25,850.087,28.3503,-95.9772,-10.7081,-8.92146,7.72217,
2026_07_06_17_07_38.331,3.869,30,0,0.758,0,0,0,0, ,0,0,0,0,0, ,951.7,28.9,-270.2,-0.9,21.4,-5,25,856.492,27.683,-106.844,-10.2476,-7.04632,6.94387,
2026_07_06_17_07_38.356,3.869,29.9,0,0.759,0,0,0,0, ,0,0,0,0,0, ,950.1,16.2,-230.1,-0.9,11.7,-4,25,862.245,27.3702,-115.576,-9.67793,-5.60842,6.24651,
2026_07_06_17_07_38.370,3.869,29.9,0,0.758,0,0,0,0, ,0,0,0,0,0, ,938.7,27.4,-209.9,-3.3,0.6,-2.6,25,867.252,27.0308,-121.94,-9.21615,-4.89189,5.66477,
2026_07_06_17_07_38.397,3.869,30,0,0.758,0,0,0,0, ,0,0,0,0,0, ,981.4,27.4,-225.3,-3.2,-4.2,-3.1,25,872.907,27.0533,-127.769,-8.85259,-4.70348,5.1459,
2026_07_06_17_07_38.410,3.869,30,0,0.759,0,0,0,0, ,0,0,0,0,0, ,995.4,26.9,-241.5,-2.4,5.3,-1.7,25,879.944,27.0592,-134.206,-8.48376,-4.38335,4.68607,
2026_07_06_17_07_38.435,3.869,30,0,0.757,0,0,0,0, ,0,0,0,0,0, ,998.4,18.1,-225.5,-0.8,13.2,-4.1,25,887.071,26.7813,-140.257,-8.06428,-3.55256,4.22379,
2026_07_06_17_07_38.450,3.869,30.1,0,0.758,0,0,0,0, ,0,0,0,0,0, ,974.2,18.9,-208.7,-0.7,19.6,-1.6,25,893.118,26.2767,-144.939,-7.61857,-2.3367,3.79273,
2026_07_06_17_07_38.477,3.869,30,0,0.759,0,0,0,0, ,0,0,0,0,0, ,967.4,29.4,-208,-1.9,18.7,-2.9,25,897.852,26.1471,-148.803,-7.23353,-1.02736,3.42451,
2026_07_06_17_07_38.488,3.869,29.9,0,0.759,0,0,0,0, ,0,0,0,0,0, ,992.1,24.9,-194.2,-3.8,19.6,-2.9,25,902.843,26.2082,-151.99,-6.96641,0.202199,3.03911,
2026_07_06_17_07_38.514,3.869,30,0,0.758,0,0,0,0, ,0,0,0,0,0, ,1008.5,28.9,-160.2,-6.8,30.4,-2.8,25,908.781,26.2504,-153.526,-6.86486,1.71331,2.68024,
2026_07_06_17_07_38.529,3.869,29.9,0,0.76,0,0,0,0, ,0,0,0,0,0, ,1017.5,28,-148.1,-10.1,54.4,-3.8,25,915.132,26.3844,-153.564,-6.96146,4.19266,2.31582,
2026_07_06_17_07_38.555,3.869,30,0,0.758,0,0,0,0, ,0,0,0,0,0, ,1044.5,25.1,-122.6,-15.8,83.1,-3,25,922.193,26.3945,-152.455,-7.32638,8.12662,1.96751,
2026_07_06_17_07_38.568,3.869,30,0,0.76,0,0,0,0, ,0,0,0,0,0, ,1162.8,16.4,-113.4,-23.6,135.4,0.1,25,933.25,26.0505,-150.355,-8.0804,14.2888,1.75926,
2026_07_06_17_07_38.602,3.869,30,0,0.76,0,0,0,0, ,0,0,0,0,0, ,1376.7,-60.3,-151.3,-21.9,248.8,15.2,25,953.756,23.1255,-149.258,-8.97433,25.1242,2.11822,
2026_07_06_17_07_38.608,3.869,30,0,0.759,0,0,0,0, ,0,0,0,0,0, ,1285,-98.9,-174.5,-7.4,250.1,23.7,25,976.735,16.8657,-150.089,-9.32019,38.794,3.17438,
2026_07_06_17_07_38.635,3.869,29.9,0,0.759,0,0,0,0, ,0,0,0,0,0, ,1159.5,-79.5,-196.6,1.4,250.1,0.2,25,991.696,10.4023,-152.25,-8.93505,51.6705,3.70914,
2026_07_06_17_07_38.648,3.869,29.9,0,0.759,0,0,0,0, ,0,0,0,0,0, ,1167.9,-103.8,-152.3,32.3,250.1,8.8,25,1002.18,4.18348,-153.603,-7.36378,63.7623,3.75734,
2026_07_06_17_07_38.672,3.869,29.9,0,0.758,0,0,0,0, ,0,0,0,0,0, ,1038.9,-62.6,-153.9,56.6,250.1,17.6,25,1008.35,-1.14145,-153.572,-4.20638,75.1173,4.33275,
2026_07_06_17_07_38.687,3.869,30.1,0,0.758,0,0,0,0, ,0,0,0,0,0, ,530.6,-0.1,-65.9,104,250.1,31.8,25,994.72,-2.98228,-150.911,0.943231,85.7803,5.57388,
2026_07_06_17_07_38.713,3.869,30,0,0.758,0,0,0,0, ,0,0,0,0,0, ,-28.3,118.5,82,148.2,250.1,8.6,25,949.409,0.806953,-141.224,8.56997,95.7935,6.46516,
2026_07_06_17_07_38.727,3.869,30.1,0,0.76,0,0,0,0, ,0,0,0,0,0, ,-150,200.6,545.4,150.7,250.1,5.2,25,886.122,10.4804,-113.502,17.1548,105.197,6.49165,
2026_07_06_17_07_38.753,3.869,30.1,0,0.758,0,0,0,0, ,0,0,0,0,0, ,-33.3,246.9,921.3,122.9,250.1,50.3,25,826.539,23.4765,-61.8972,24.4457,114.027,7.78708,
2026_07_06_17_07_38.766,3.869,30,0,0.759,0,0,0,0, ,0,0,0,0,0, ,-193.7,320,1019.6,90.5,187.1,72.2,25,769.255,39.3186,1.01144,29.4581,120.399,11.045,
2026_07_06_17_07_38.793,3.869,30.1,0,0.758,0,0,0,0, ,0,0,0,0,0, ,-325.9,337.2,1112.7,62.8,74.8,66.9,25,706.547,56.9467,65.9183,32.3338,121.042,14.6101,
2026_07_06_17_07_38.805,3.869,30,0,0.758,0,0,0,0, ,0,0,0,0,0, ,-272.9,357.2,1132.4,41.4,-1.8,53,25,645.247,74.634,130.307,33.5383,115.89,17.373,
2026_07_06_17_07_38.831,3.869,30.1,0,0.759,0,0,0,0, ,0,0,0,0,0, ,-307.6,383.9,1204.8,24.8,-53.7,40,25,588.241,92.6664,193.578,33.5116,107.137,19.148,
2026_07_06_17_07_38.844,3.869,30,0,0.76,0,0,0,0, ,0,0,0,0,0, ,-333,347,1226,4.9,-132.6,26.5,25,532.876,109.289,255.845,32.3744,94.9321,20.0073,
2026_07_06_17_07_38.871,3.869,30,0,0.759,0,0,0,0, ,0,0,0,0,0, ,-282.1,332.6,1113.8,-2.5,-196.6,0.6,25,481.663,123.336,311.545,30.4748,79.1169,19.6138,
2026_07_06_17_07_38.885,3.869,30.1,0,0.761,0,0,0,0, ,0,0,0,0,0, ,-233.6,423.8,1109.6,-9.4,-250.1,-32.9,25,436.599,138.867,360.305,28.2551,60.6853,17.4344,
2026_07_06_17_07_38.912,3.869,30,0,0.759,0,0,0,0, ,0,0,0,0,0, ,-64.3,466.6,1324.5,-76.7,-250.1,-29.1,25,400.917,157.534,412.513,23.91,41.7468,14.483,
2026_07_06_17_07_38.925,3.869,30,0,0.759,0,0,0,0, ,0,0,0,0,0, ,306.7,363.8,1150.3,-153.5,-250.1,32.7,25,383.872,173.235,462.779,15.439,23.9624,13.7101,
2026_07_06_17_07_38.951,3.869,29.9,0,0.759,0,0,0,0, ,0,0,0,0,0, ,1725.4,416.6,1710.3,-170.1,-250.1,75,25,422.395,186.457,521.737,4.63854,7.26176,16.1561,
2026_07_06_17_07_38.964,3.869,30,0,0.759,0,0,0,0, ,0,0,0,0,0, ,148,352.9,27.4,-182.3,-250.1,55.1,25,453.736,198.54,542.89,-6.38131,-8.42123,19.1356,
2026_07_06_17_07_38.992,3.869,30,0,0.76,0,0,0,0, ,0,0,0,0,0, ,745.1,46.3,-86.9,-114.8,-250.1,33.3,25,453.298,198.605,507.994,-15.0447,-23.1485,20.663,
2026_07_06_17_07_39.003,3.869,30,0,0.759,0,0,0,0, ,0,0,0,0,0, ,847.1,-13.9,-209.5,-78,-250.1,-8.3,25,474.187,187.489,468.008,-20.0023,-36.9784,20.1655,
2026_07_06_17_07_39.029,3.869,30.1,0,0.758,0,0,0,0, ,0,0,0,0,0, ,893.1,-36.8,-272,-76.6,-250.1,-22.7,25,498.313,174.52,424.818,-23.4939,-49.9655,17.9922,
2026_07_06_17_07_39.046,3.869,30.1,0,0.76,0,0,0,0, ,0,0,0,0,0, ,1150.6,-13.9,-281.4,-36.9,-211,-19.5,25,530.216,162.34,382.069,-25.5204,-60.9698,15.61,
2026_07_06_17_07_39.074,3.869,30,0,0.758,0,0,0,0, ,0,0,0,0,0, ,1201,-40,-297.9,-6.5,-113.4,4.7,25,569.556,150.805,341.136,-25.2876,-67.1386,14.2078,
2026_07_06_17_07_39.084,3.869,29.9,0,0.759,0,0,0,0, ,0,0,0,0,0, ,1025.1,10,-208,6.8,-25.8,16.1,25,602.676,140.701,304.934,-23.7375,-67.2886,13.9758,
2026_07_06_17_07_39.111,3.869,29.9,0,0.759,0,0,0,0, ,0,0,0,0,0, ,841.7,32.1,-106.9,8.1,5.2,7.2,25,622.829,133.41,276.757,-21.837,-63.8158,13.834,
2026_07_06_17_07_39.122,3.869,30,0,0.759,0,0,0,0, ,0,0,0,0,0, ,781.6,17.3,-52.6,2.7,-5.3,-6.7,25,634.335,126.786,255.033,-20.1773,-59.9301,13.0063,
2026_07_06_17_07_39.150,3.869,29.9,0,0.759,0,0,0,0, ,0,0,0,0,0, ,874.8,9.8,-72.5,-5.1,-17.7,-16.8,25,646.149,119.885,235.68,-19.0208,-56.9789,11.4977,
2026_07_06_17_07_39.161,3.869,30,0,0.76,0,0,0,0, ,0,0,0,0,0, ,1039.9,6.4,-83.9,-11.2,-10.5,-10.6,25,665.113,113.073,216.553,-18.3584,-54.3659,9.9622,
2026_07_06_17_07_39.189,3.869,30,0,0.758,0,0,0,0, ,0,0,0,0,0, ,1045.7,26,-98.8,-6.2,8.5,-2.6,25,688.128,107.17,197.79,-17.7698,-51.114,8.95294,
2026_07_06_17_07_39.201,3.869,30,0,0.759,0,0,0,0, ,0,0,0,0,0, ,1001.7,51.5,-77,-0.5,22.2,-3.9,25,708.577,103.001,180.381,-16.8911,-47.0638,8.20933,
2026_07_06_17_07_39.229,3.869,29.9,0,0.76,0,0,0,0, ,0,0,0,0,0, ,1000.6,62.5,-36.7,-3.2,21.8,-8.9,25,726.406,100.198,165.925,-15.9746,-42.8552,7.31907,
2026_07_06_17_07_39.239,3.869,30,0,0.759,0,0,0,0, ,0,0,0,0,0, ,1070.1,58.3,-37.9,-6.9,2.6,-6,25,745.232,97.7725,153.541,-15.3088,-39.5003,6.41908,
2026_07_06_17_07_39.267,3.869,29.9,0,0.759,0,0,0,0, ,0,0,0,0,0, ,1079.1,70.4,-56.6,-0.7,-4.2,1.1,25,765.303,95.7358,141.305,-14.6075,-37.142,5.87862,
2026_07_06_17_07_39.280,3.869,30.1,0,0.758,0,0,0,0, ,0,0,0,0,0, ,1011.9,58.5,-25.5,4.4,-0.3,6.7,25,782.377,93.8293,130.193,-13.6046,-35.0158,5.75805,
2026_07_06_17_07_39.307,3.869,30.1,0,0.759,0,0,0,0, ,0,0,0,0,0, ,976.4,14.1,-43.9,-0.6,3.1,3.7,25,795.282,90.3236,120.145,-12.6598,-32.7967,5.72404,
2026_07_06_17_07_39.319,3.869,30,0,0.759,0,0,0,0, ,0,0,0,0,0, ,977.7,56.7,-61.1,-3.3,6.8,-5.9,25,806.359,86.9767,109.624,-12.0072,-30.4965,5.3082,
2026_07_06_17_07_39.348,3.869,30,0,0.758,0,0,0,0, ,0,0,0,0,0, ,982.7,48.4,-50.7,-1.9,16.7,-5.9,25,816.952,84.8788,99.5374,-11.4339,-27.9221,4.6252,
2026_07_06_17_07_39.359,3.869,30,0,0.759,0,0,0,0, ,0,0,0,0,0, ,993.1,50.7,-25.2,-1.9,21.8,-5.3,25,827.369,82.726,91.1593,-10.853,-25.0476,4.0021,
2026_07_06_17_07_39.385,3.869,29.9,0,0.76,0,0,0,0, ,0,0,0,0,0, ,973.8,56.6,-39.9,-2.9,22.2,-4.7,25,836.88,80.9542,83.6208,-10.3379,-22.1806,3.45354,
2026_07_06_17_07_39.399,3.869,30,0,0.759,0,0,0,0, ,0,0,0,0,0, ,966.9,57.8,-26.8,-2.7,17,-6.9,25,845.014,79.5067,76.4929,-9.87853,-19.6346,2.88965,
2026_07_06_17_07_39.428,3.869,30,0,0.759,0,0,0,0, ,0,0,0,0,0, ,960.9,60.4,-21.6,-1.8,9.2,-6,25,852.258,78.2631,70.3569,-9.41367,-17.6398,2.32052,
2026_07_06_17_07_39.439,3.869,30,0,0.759,0,0,0,0, ,0,0,0,0,0, ,975.5,52.1,-68.4,0.7,-1.2,-6.5,25,859.324,76.9217,63.3273,-8.87354,-16.3211,1.79825,
2026_07_06_17_07_39.466,3.869,30,0,0.759,0,0,0,0, ,0,0,0,0,0, ,1031.1,57.2,-39.5,6.2,0.8,-2.7,25,868.097,75.5645,56.1807,-8.12257,-15.3388,1.40836,
2026_07_06_17_07_39.477,3.869,29.9,0,0.759,0,0,0,0, ,0,0,0,0,0, ,1024.9,55.6,0.1,7.2,1.5,0.4,25,877.841,74.3967,51.5568,-7.21932,-14.334,1.25246,
2026_07_06_17_07_39.507,3.869,29.9,0,0.76,0,0,0,0, ,0,0,0,0,0, ,1006.3,72.1,27.8,6,6.6,1.3,25,886.236,73.754,49.2651,-6.37721,-13.2137,1.22793,
2026_07_06_17_07_39.518,3.869,29.9,0,0.758,0,0,0,0, ,0,0,0,0,0, ,981.6,70.6,55.7,-0.3,8.5,-0.3,25,892.8,73.6075,48.8071,-5.81493,-11.9484,1.18357,
2026_07_06_17_07_39.551,3.869,29.9,0,0.759,0,0,0,0, ,0,0,0,0,0, ,1005.3,63.3,25.8,-3.9,6.7,-3.4,25,898.933,73.2018,48.3162,-5.58855,-10.7572,0.998716,
2026_07_06_17_07_39.556,3.869,29.9,0,0.759,0,0,0,0, ,0,0,0,0,0, ,1019.5,56.2,7.9,-4.3,13.8,-2.4,25,905.847,72.3821,46.3987,-5.49784,-9.47706,0.761138,
2026_07_06_17_07_39.584,3.869,29.9,0,0.76,0,0,0,0, ,0,0,0,0,0, ,991.5,54.3,11.5,-2.9,18.3,-1.2,25,911.92,71.3381,44.1624,-5.38219,-7.92151,0.605068,
2026_07_06_17_07_39.595,3.869,30,0,0.759,0,0,0,0, ,0,0,0,0,0, ,948.7,56.5,7,-2.6,15.2,-1.8,25,915.465,70.3669,42.0349,-5.22179,-6.41809,0.476791,
2026_07_06_17_07_39.624,3.869,29.9,0,0.759,0,0,0,0, ,0,0,0,0,0, ,945.8,59.4,13.3,-2.8,7.2,-4,25,917.402,69.6102,40.0919,-5.06812,-5.34449,0.271018,
2026_07_06_17_07_39.637,3.869,30,0,0.76,0,0,0,0, ,0,0,0,0,0, ,987.4,60.6,11.4,-2,0.2,-2.7,25,920.4,69.0246,38.4014,-4.90553,-4.79334,0.0503618,
2026_07_06_17_07_39.666,3.869,30.1,0,0.759,0,0,0,0, ,0,0,0,0,0, ,989.2,52.3,18.9,0.2,2.3,0.5,25,924.538,68.2583,36.9845,-4.66144,-4.42507,-0.0197383,
2026_07_06_17_07_39.676,3.869,30,0,0.759,0,0,0,0, ,0,0,0,0,0, ,957,61.7,38.3,0.6,5.3,-1.6,25,927.497,67.5723,36.4736,-4.35301,-3.92386,-0.0520511,
2026_07_06_17_07_39.703,3.869,30,0,0.758,0,0,0,0, ,0,0,0,0,0, ,963,62.5,31.6,-0.8,1.3,-4.5,25,929.478,67.2388,36.3807,-4.09384,-3.48365,-0.234739,
2026_07_06_17_07_39.716,3.869,30,0,0.758,0,0,0,0, ,0,0,0,0,0, ,1009,60.1,19.2,-1.4,-0.2,-5,25,932.922,66.8769,35.7116,-3.91141,-3.23785,-0.509887,
2026_07_06_17_07_39.744,3.869,29.9,0,0.759,0,0,0,0, ,0,0,0,0,0, ,1026.1,61.4,24.6,-1,1.6,-1.1,25,938.079,66.5036,34.8699,-3.74618,-2.99789,-0.664675,
2026_07_06_17_07_39.755,3.869,29.9,0,0.758,0,0,0,0, ,0,0,0,0,0, ,994.3,64.9,34.9,-0.7,3.1,1,25,942.474,66.2992,34.558,-3.56969,-2.672,-0.627219,
2026_07_06_17_07_39.784,3.869,30.1,0,0.759,0,0,0,0, ,0,0,0,0,0, ,975.3,60.9,20,-1.3,0,-0.4,25,945.053,66.0921,34.1248,-3.4131,-2.41472,-0.570716,
2026_07_06_17_07_39.794,3.869,30,0,0.758,0,0,0,0, ,0,0,0,0,0, ,983.8,59.6,15.9,-0.9,-2.2,-1.9,25,947.155,65.7361,33.1392,-3.27215,-2.33461,-0.606016,
2026_07_06_17_07_39.821,3.869,29.9,0,0.759,0,0,0,0, ,0,0,0,0,0, ,995.7,55.1,17.3,-0.1,-2.1,-1.4,25,949.751,65.225,32.1313,-3.10322,-2.32336,-0.669634,
2026_07_06_17_07_39.833,3.869,30,0,0.758,0,0,0,0, ,0,0,0,0,0, ,981,54.8,26.2,0,-0.4,-0.3,25,952.103,64.5989,31.4987,-2.91717,-2.25795,-0.680625,
2026_07_06_17_07_39.864,3.869,29.9,0,0.758,0,0,0,0, ,0,0,0,0,0, ,970.7,58.3,38.2,-1.1,2.4,-2.1,25,953.55,64.1084,31.5414,-2.77292,-2.05942,-0.712275,
2026_07_06_17_07_39.873,3.869,29.9,0,0.758,0,0,0,0, ,0,0,0,0,0, ,986.2,64.3,30.7,-1.9,2.3,-4.3,25,955.068,63.9373,31.7187,-2.69535,-1.79072,-0.86387,
2026_07_06_17_07_39.904,3.869,29.9,0,0.759,0,0,0,0, ,0,0,0,0,0, ,995.3,61.5,29.4,-0.8,2.1,-4.6,25,957.242,63.8741,31.617,-2.61337,-1.54754,-1.0824,
2026_07_06_17_07_39.913,3.869,30,0,0.758,0,0,0,0, ,0,0,0,0,0, ,991.3,57.6,22.9,-1.9,0.4,-3,25,959.439,63.6106,31.2838,-2.53638,-1.37706,-1.248,
2026_07_06_17_07_39.942,3.869,30.1,0,0.758,0,0,0,0, ,0,0,0,0,0, ,1000.7,56.3,15.2,-2,0.9,-1.8,25,961.667,63.2047,30.5383,-2.50065,-1.25354,-1.3182,
2026_07_06_17_07_39.953,3.869,29.9,0,0.759,0,0,0,0, ,0,0,0,0,0, ,1001.8,59.4,12.5,-1.6,2.6,-1.1,25,964.079,62.8784,29.5214,-2.45795,-1.07051,-1.32623,
2026_07_06_17_07_39.980,3.869,30,0,0.759,0,0,0,0, ,0,0,0,0,0, ,988.5,61.7,22,-0.3,3.6,-0.7,25,965.973,62.7365,28.7736,-2.36606,-0.816369,-1.30026,
2026_07_06_17_07_39.992,3.869,30,0,0.758,0,0,0,0, ,0,0,0,0,0, ,971.9,62,34.5,-0.2,1.1,-1.4,25,966.84,62.6825,28.7417,-2.23711,-0.623418,-1.28501,
2026_07_06_17_07_40.023,3.869,29.9,0,0.758,0,0,0,0, ,0,0,0,0,0, ,988.8,62.1,34.4,-0.5,-1,-2.7,25,967.663,62.6439,29.0896,-2.12212,-0.582382,-1.33163,
2026_07_06_17_07_40.031,3.869,29.9,0,0.757,0,0,0,0, ,0,0,0,0,0, ,997,61,23.9,-0.7,0.3,-1.9,25,969.201,62.5773,29.0932,-2.02936,-0.568221,-1.39064,
2026_07_06_17_07_40.060,3.869,30,0,0.758,0,0,0,0, ,0,0,0,0,0, ,990.8,61.6,21.7,-0.4,1,-2.1,25,970.706,62.4994,28.7097,-1.93921,-0.493986,-1.42777,
2026_07_06_17_07_40.071,3.869,29.9,0,0.758,0,0,0,0, ,0,0,0,0,0, ,984,61.5,37.2,-0.5,0,-2.3,25,971.723,62.4416,28.7548,-1.84847,-0.433415,-1.47483,
2026_07_06_17_07_40.099,3.869,30,0,0.758,0,0,0,0, ,0,0,0,0,0, ,981.8,61.6,29.6,-0.8,-0.9,-2.9,25,972.404,62.3873,29.0379,-1.77543,-0.434425,-1.54339,
2026_07_06_17_07_40.112,3.869,29.9,0,0.758,0,0,0,0, ,0,0,0,0,0, ,984.8,62.7,29.1,-0.4,0.4,-3,25,973.068,62.3728,29.0569,-1.70381,-0.423187,-1.62911,
2026_07_06_17_07_40.141,3.869,29.9,0,0.759,0,0,0,0, ,0,0,0,0,0, ,1003.5,66.8,21.9,-0.5,-2.2,-3.1,25,974.353,62.5177,28.8402,-1.6274,-0.452243,-1.71569,
2026_07_06_17_07_40.150,3.869,29.9,0,0.758,0,0,0,0, ,0,0,0,0,0, ,1008.4,67.1,32.3,0.3,-0.9,-0.3,25,976.278,62.7878,28.7341,-1.53433,-0.519137,-1.71474,
2026_07_06_17_07_40.180,3.869,29.9,0,0.757,0,0,0,0, ,0,0,0,0,0, ,979.9,64.2,45.6,-0.2,-2.1,0.3,25,977.367,62.9622,29.3567,-1.43778,-0.578909,-1.61025,
2026_07_06_17_07_40.190,3.869,30,0,0.758,0,0,0,0, ,0,0,0,0,0, ,972.1,59.6,48.4,-1.3,-2,-1.4,25,977.284,62.8974,30.4318,-1.39587,-0.668553,-1.54564,
2026_07_06_17_07_40.218,3.869,29.9,0,0.758,0,0,0,0, ,0,0,0,0,0, ,971.6,55.7,43.3,-1.7,0.8,-3.1,25,976.953,62.5777,31.3714,-1.40221,-0.664376,-1.58856,
2026_07_06_17_07_40.229,3.869,29.9,0,0.758,0,0,0,0, ,0,0,0,0,0, ,976.5,61.1,39.4,-1.7,2.5,-4.9,25,976.776,62.3231,31.9794,-1.42036,-0.523344,-1.73551,
2026_07_06_17_07_40.259,3.869,30,0,0.759,0,0,0,0, ,0,0,0,0,0, ,984.3,62.6,47.4,-2.1,3,-5.4,25,976.997,62.2943,32.6754,-1.44959,-0.323874,-1.94358,
2026_07_06_17_07_40.270,3.869,29.9,0,0.76,0,0,0,0, ,0,0,0,0,0, ,1000.3,66.5,34.6,-2.7,1.5,-4.3,25,977.929,62.4317,33.1827,-1.5075,-0.167029,-2.12069,
2026_07_06_17_07_40.297,3.869,30,0,0.758,0,0,0,0, ,0,0,0,0,0, ,1003,66,29,-2.1,0.9,-2.2,25,979.375,62.6644,33.0984,-1.56189,-0.0837254,-2.1895,
2026_07_06_17_07_40.308,3.869,29.9,0,0.757,0,0,0,0, ,0,0,0,0,0, ,998.5,64.6,27.2,-1.7,1,-0.7,25,980.677,62.825,32.7938,-1.58249,-0.0207328,-2.14444,
2026_07_06_17_07_40.337,3.869,30,0,0.758,0,0,0,0, ,0,0,0,0,0, ,986.5,64.8,31.3,-1.4,1.1,-0.7,25,981.398,62.9393,32.5779,-1.58051,0.044515,-2.05642,
2026_07_06_17_07_40.348,3.869,29.9,0,0.759,0,0,0,0, ,0,0,0,0,0, ,976.1,68.8,41.6,-1.4,-0.5,-1.8,25,981.392,63.1745,32.8138,-1.56951,0.0600836,-2.00728,
2026_07_06_17_07_40.380,3.869,29.9,0,0.759,0,0,0,0, ,0,0,0,0,0, ,987.6,68.2,28,-2,-1.6,-3,25,981.42,63.4991,32.9348,-1.57747,-0.0075621,-2.03121,
2026_07_06_17_07_40.388,3.869,30.1,0,0.758,0,0,0,0, ,0,0,0,0,0, ,1008.7,68.4,32.1,-1,0.7,-2.8,25,982.439,63.7916,32.7591,-1.57275,-0.0345232,-2.08415,
2026_07_06_17_07_40.417,3.869,30,0,0.759,0,0,0,0, ,0,0,0,0,0, ,998.7,66.6,43.3,-0.9,3.6,-0.5,25,983.735,64.0176,33.0601,-1.5348,0.0985962,-2.0577,
2026_07_06_17_07_40.427,3.869,29.9,0,0.758,0,0,0,0, ,0,0,0,0,0, ,971.9,65.5,40.5,-1.5,1.6,-1.7,25,983.83,64.1414,33.5988,-1.5144,0.251025,-1.99934,
2026_07_06_17_07_40.457,3.869,29.9,0,0.759,0,0,0,0, ,0,0,0,0,0, ,990.1,62.3,24.4,-2.1,-1.1,-3.2,25,983.658,64.1267,33.5288,-1.5318,0.250963,-2.0268,
2026_07_06_17_07_40.468,3.869,29.9,0,0.758,0,0,0,0, ,0,0,0,0,0, ,996.2,63.4,29.9,-1.6,-1,-2.3,25,984.236,64.0489,33.1401,-1.55119,0.171686,-2.07087,
2026_07_06_17_07_40.497,3.869,29.9,0,0.758,0,0,0,0, ,0,0,0,0,0, ,979.9,62.1,27.9,-0.1,-2.7,-2,25,984.469,63.9698,32.8817,-1.50846,0.0484891,-2.07569,
2026_07_06_17_07_40.506,3.869,29.9,0,0.758,0,0,0,0, ,0,0,0,0,0, ,972,62.1,33.5,0.7,-6,-3,25,983.95,63.8558,32.7488,-1.39826,-0.219544,-2.10155,
2026_07_06_17_07_40.537,3.869,29.9,0,0.758,0,0,0,0, ,0,0,0,0,0, ,994.7,67.2,43,0.2,-4.4,-4,25,983.913,63.9042,33.084,-1.28563,-0.52304,-2.18677,
2026_07_06_17_07_40.547,3.869,30,0,0.758,0,0,0,0, ,0,0,0,0,0, ,994.7,67.2,52.3,-0.9,2.9,-4.2,25,984.57,64.1051,33.9716,-1.22861,-0.536871,-2.30335,
2026_07_06_17_07_40.576,3.869,30,0,0.759,0,0,0,0, ,0,0,0,0,0, ,966.9,62.9,45.8,-2.6,3.4,-4.5,25,984.341,64.1626,34.8905,-1.26039,-0.312202,-2.42807,
2026_07_06_17_07_40.585,3.869,29.9,0,0.76,0,0,0,0, ,0,0,0,0,0, ,975.7,67.7,36.1,-3.8,-1,-6.3,25,983.546,64.232,35.2597,-1.37858,-0.220052,-2.60917,
2026_07_06_17_07_40.614,3.869,29.9,0,0.758,0,0,0,0, ,0,0,0,0,0, ,1011.5,65.1,29.7,-3.9,-1.4,-5.2,25,984.159,64.3641,35.1159,-1.52918,-0.279768,-2.80057,
2026_07_06_17_07_40.625,3.869,29.9,0,0.758,0,0,0,0, ,0,0,0,0,0, ,1044.7,82.7,66.1,-5.3,9.3,0.1,25,986.836,64.9452,35.8949,-1.71631,-0.0220163,-2.7853,
2026_07_06_17_07_40.661,3.869,29.9,0,0.758,0,0,0,0, ,0,0,0,0,0, ,1042.6,102.1,139.1,-14.2,47,-2.6,25,990.298,66.6182,39.9598,-2.20586,1.69472,-2.69174,
2026_07_06_17_07_40.666,3.869,30,0,0.758,0,0,0,0, ,0,0,0,0,0, ,1071.1,102.7,99.3,-19.9,112,-20.4,25,994.354,68.7986,44.7885,-3.11043,6.43597,-3.22849,
2026_07_06_17_07_40.696,3.869,29.9,0,0.759,0,0,0,0, ,0,0,0,0,0, ,1039.3,97.4,207.7,-27.6,164.5,-25.7,25,998.062,70.703,51.4131,-4.36815,14.4684,-4.43637,
2026_07_06_17_07_40.705,3.869,30,0,0.758,0,0,0,0, ,0,0,0,0,0, ,1280.3,51.6,187,-43.6,244.8,-24.3,25,1007.92,70.9344,60.3061,-6.27134,26.0576,-5.68946,
2026_07_06_17_07_40.734,3.869,30,0,0.759,0,0,0,0, ,0,0,0,0,0, ,1395.2,-6.3,144,-22.1,250.1,-12.3,25,1028.02,67.9921,66.7164,-7.89098,39.5487,-6.45792,
2026_07_06_17_07_40.743,3.869,30,0,0.759,0,0,0,0, ,0,0,0,0,0, ,1055.7,-23.1,204.1,-13.8,250.1,-26.4,25,1040.05,62.953,73.257,-8.50395,52.3792,-7.24353,
2026_07_06_17_07_40.773,3.869,29.9,0,0.758,0,0,0,0, ,0,0,0,0,0, ,796.2,-24.9,295.4,-15.8,250.1,-32,25,1033.09,57.6543,84.0121,-8.88762,64.4278,-8.5815,
2026_07_06_17_07_40.783,3.869,29.9,0,0.758,0,0,0,0, ,0,0,0,0,0, ,672.2,26.3,291.1,-9.7,250.1,-40.8,25,1014.88,54.1837,96.7625,-9.12298,75.7422,-10.2767,
2026_07_06_17_07_40.812,3.869,30.1,0,0.759,0,0,0,0, ,0,0,0,0,0, ,603.1,32.7,315.3,17.4,250.1,-16.8,25,991.894,52.6795,109.342,-8.33244,86.3671,-11.4055,
2026_07_06_17_07_40.823,3.869,30.1,0,0.758,0,0,0,0, ,0,0,0,0,0, ,267.8,105.1,405.7,49.9,250.1,19.6,25,957.985,53.6679,124.647,-5.77414,96.3446,-10.6251,
2026_07_06_17_07_40.853,3.869,30,0,0.758,0,0,0,0, ,0,0,0,0,0, ,-18.6,208.6,664.6,64.1,250.1,53.2,25,907.201,59.9556,149.662,-1.94884,105.714,-7.75953,
2026_07_06_17_07_40.863,3.869,29.9,0,0.758,0,0,0,0, ,0,0,0,0,0, ,-62.6,256.4,960.5,54.4,134.8,82.1,25,849.444,70.47,190.057,1.78047,111,-3.16426,
2026_07_06_17_07_40.893,3.869,30,0,0.758,0,0,0,0, ,0,0,0,0,0, ,-73.3,237.3,1060.7,34,75,89,25,793.541,81.2182,240.059,4.36541,110.628,2.24176,
2026_07_06_17_07_40.902,3.869,29.9,0,0.759,0,0,0,0, ,0,0,0,0,0, ,-183.5,239.6,987.7,28.5,77,67.4,25,737.36,90.7995,287.842,6.00369,108.518,6.87047,
2026_07_06_17_07_40.932,3.869,30,0,0.758,0,0,0,0, ,0,0,0,0,0, ,-212.8,220.5,954.8,30.3,59.7,46.1,25,680.352,99.2851,329.488,7.4294,106.07,9.91,
2026_07_06_17_07_40.942,3.869,30,0,0.758,0,0,0,0, ,0,0,0,0,0, ,-165.7,248.1,1001.7,38.2,48.5,35.4,25,627.361,107.513,369.021,9.06378,102.903,11.7893,
2026_07_06_17_07_40.971,3.869,30,0,0.759,0,0,0,0, ,0,0,0,0,0, ,-153.3,262.6,1079.1,32.9,47.9,32.2,25,579.411,116.521,409.934,10.6778,99.5696,13.1306,
2026_07_06_17_07_40.981,3.869,30,0,0.759,0,0,0,0, ,0,0,0,0,0, ,-230.8,283,1065,26.7,51,30,25,532.401,126.045,450.281,11.843,96.5154,14.2256,
2026_07_06_17_07_41.011,3.869,30,0,0.758,0,0,0,0, ,0,0,0,0,0, ,-301.3,283.4,1049.8,20.2,26.5,24.4,25,483.745,135.621,487.278,12.5503,92.9953,15.0162,
2026_07_06_17_07_41.021,3.869,29.9,0,0.758,0,0,0,0, ,0,0,0,0,0, ,-262.5,292.6,1034.5,16.3,3.9,14.7,25,437.088,144.907,521.09,12.8977,88.2547,15.2925,
2026_07_06_17_07_41.052,3.869,30,0,0.758,0,0,0,0, ,0,0,0,0,0, ,-198.7,306,1033.2,17,9.3,7.4,25,396.401,154.315,552.336,13.1263,83.2789,15.034,
2026_07_06_17_07_41.060,3.869,30,0,0.759,0,0,0,0, ,0,0,0,0,0, ,-185,315.7,1054.5,13.6,14.4,6.4,25,360.555,163.854,582.288,13.2588,78.9262,14.5383,
2026_07_06_17_07_41.089,3.869,30,0,0.76,0,0,0,0, ,0,0,0,0,0, ,-195.9,300.2,1068.1,5.3,7,6.2,25,326.978,172.635,611.478,13.0267,74.7686,14.0363,
2026_07_06_17_07_41.099,3.869,30,0,0.758,0,0,0,0, ,0,0,0,0,0, ,-190.9,289,1025.3,-0.4,-0.3,0.1,25,295.267,180.067,637.999,12.3822,70.4166,13.3729,
2026_07_06_17_07_41.129,3.869,30,0,0.758,0,0,0,0, ,0,0,0,0,0, ,-138.7,275.8,999.1,-2.5,-5.2,-4.2,25,267.232,186.303,660.802,11.5393,65.958,12.4331,
2026_07_06_17_07_41.140,3.869,30,0,0.76,0,0,0,0, ,0,0,0,0,0, ,-114,279.2,975.4,-2.5,-10.7,-3.4,25,243.248,191.86,680.695,10.6838,61.4542,11.4439,
2026_07_06_17_07_41.171,3.869,30,0,0.759,0,0,0,0, ,0,0,0,0,0, ,-82.6,282.7,966.3,1.3,-16.3,-1.8,25,222.435,197.289,698.376,9.99615,56.8867,10.5881,
2026_07_06_17_07_41.179,3.869,30,0,0.759,0,0,0,0, ,0,0,0,0,0, ,-72.5,283.4,981.8,3.1,-16.8,-0.6,25,204.155,202.515,715.175,9.52107,52.4116,9.86974,
2026_07_06_17_07_41.210,3.869,30,0,0.759,0,0,0,0, ,0,0,0,0,0, ,-72,292.7,990.3,2.6,-34.3,1.2,25,187.311,207.728,731.682,9.11455,47.6608,9.28658,
2026_07_06_17_07_41.218,3.869,30,0,0.758,0,0,0,0, ,0,0,0,0,0, ,-81,336.6,1010.4,3.2,-80.5,11.4,25,171.235,214.243,748.054,8.73585,41.2587,9.10459,
2026_07_06_17_07_41.249,3.869,30,0,0.757,0,0,0,0, ,0,0,0,0,0, ,-115.6,355.4,1078.3,-6.3,-168,29.3,25,154.81,222.272,766.109,8.10906,31.173,9.78985,
2026_07_06_17_07_41.262,3.869,30,0,0.757,0,0,0,0, ,0,0,0,0,0, ,-85.2,345.2,1135,-18.8,-241.6,34,25,139.259,230.074,786.861,6.85015,16.7934,11.122,
2026_07_06_17_07_41.292,3.869,30,0,0.759,0,0,0,0, ,0,0,0,0,0, ,-36.7,338.7,1140.3,-25.7,-250.1,27.9,25,127.058,236.891,808.237,5.07686,0.788583,12.3302,
2026_07_06_17_07_41.297,3.869,30,0,0.76,0,0,0,0, ,0,0,0,0,0, ,115.2,308.7,1142.8,-46.3,-250.1,20.3,25,121.708,242.181,828.548,2.57374,-14.4999,13.0474,
2026_07_06_17_07_41.328,3.869,29.9,0,0.758,0,0,0,0, ,0,0,0,0,0, ,242.4,288.6,1052,-68,-250.1,25,25,125.187,245.622,844.931,-1.06568,-28.8568,13.6326,
2026_07_06_17_07_41.337,3.869,30,0,0.758,0,0,0,0, ,0,0,0,0,0, ,440.7,230.9,923.9,-94.2,-250.1,55.2,25,138.371,246.483,853.647,-5.94277,-42.3388,15.2455,
2026_07_06_17_07_41.369,3.869,30.1,0,0.759,0,0,0,0, ,0,0,0,0,0, ,581.6,156.6,778,-101,-250.1,79.3,25,161.087,243.27,853.482,-11.5281,-54.9993,18.4145,
2026_07_06_17_07_41.378,3.869,30,0,0.76,0,0,0,0, ,0,0,0,0,0, ,639.4,138,689.6,-92.6,-250.1,70.9,25,188.474,237.422,846.189,-16.7244,-66.8882,21.8688,
2026_07_06_17_07_41.409,3.869,30,0,0.76,0,0,0,0, ,0,0,0,0,0, ,661.3,95.4,567.8,-83,-250.1,51.4,25,216.619,230.065,832.936,-21.0556,-78.0527,24.2625,
2026_07_06_17_07_41.417,3.869,30,0,0.759,0,0,0,0, ,0,0,0,0,0, ,667.1,38.9,395.3,-77.6,-250.1,46.6,25,243.894,220.137,811.523,-24.6658,-88.5368,25.7699,
2026_07_06_17_07_41.447,3.869,30,0,0.758,0,0,0,0, ,0,0,0,0,0, ,673.8,11.3,217.6,-66.8,-250.1,37,25,269.887,208.252,780.745,-27.5624,-98.3821,26.7467,
2026_07_06_17_07_41.456,3.869,29.9,0,0.758,0,0,0,0, ,0,0,0,0,0, ,737.1,-21.3,63.1,-51.6,-250.1,27,25,296.429,195.257,741.721,-29.4903,-107.627,27.0669,
2026_07_06_17_07_41.488,3.869,30.1,0,0.758,0,0,0,0, ,0,0,0,0,0, ,805,-32.3,-26.2,-41,-250.1,20.9,25,325.351,181.726,697.647,-30.5146,-116.309,26.8769,
2026_07_06_17_07_41.496,3.869,30,0,0.76,0,0,0,0, ,0,0,0,0,0, ,804.8,-30.3,-84.3,-36.9,-250.1,0.7,25,354.574,168.744,651.767,-31.0287,-124.462,25.8972,
2026_07_06_17_07_41.525,3.869,30,0,0.758,0,0,0,0, ,0,0,0,0,0, ,738.7,-7.2,-143.9,-31.9,-250.1,-22.2,25,379.995,157.319,605.097,-31.2341,-132.118,23.664,
2026_07_06_17_07_41.535,3.869,30,0,0.759,0,0,0,0, ,0,0,0,0,0, ,893.7,-34,-221.3,-38.1,-250.1,-26.2,25,406.577,146.477,557.097,-31.4636,-139.308,20.7473,
2026_07_06_17_07_41.566,3.869,30,0,0.76,0,0,0,0, ,0,0,0,0,0, ,947.6,-32.5,-353.5,-34.6,-218.8,-13.2,25,437.903,135.525,505.635,-31.7614,-145.105,18.2826,
2026_07_06_17_07_41.574,3.869,30,0,0.757,0,0,0,0, ,0,0,0,0,0, ,908.3,-40.6,-515.6,-29.7,-185.9,-1,25,467.765,125.039,448.343,-31.785,-148.594,16.7358,
2026_07_06_17_07_41.606,3.869,30,0,0.76,0,0,0,0, ,0,0,0,0,0, ,800.6,-27.4,-629.8,-4.6,-190.2,-9.6,25,491.329,115.348,386.123,-30.8932,-150.998,15.393,
2026_07_06_17_07_41.616,3.869,30,0,0.758,0,0,0,0, ,0,0,0,0,0, ,846.9,2,-479.6,-17.8,-223.2,0.4,25,511.586,107.545,328.792,-29.6932,-154.393,14.1747,
2026_07_06_17_07_41.647,3.869,30,0,0.758,0,0,0,0, ,0,0,0,0,0, ,836.5,49.4,-524.4,-34.8,-234.8,6.7,25,531.702,102.557,278.165,-29.4864,-158.939,13.5272,
2026_07_06_17_07_41.654,3.869,30,0,0.758,0,0,0,0, ,0,0,0,0,0, ,905.7,11.8,-589.9,-52.6,-201.1,19.4,25,552.384,98.1725,227.263,-30.3525,-162.535,13.4982,
2026_07_06_17_07_41.686,3.869,30,0,0.759,0,0,0,0, ,0,0,0,0,0, ,848.7,-4,-791.5,-60.9,-163.1,33.7,25,572.178,92.4277,171.325,-31.9611,-163.727,14.2935,
2026_07_06_17_07_41.694,3.869,30.1,0,0.758,0,0,0,0, ,0,0,0,0,0, ,667.7,28,-833.4,-48.2,-120.6,25.3,25,583.513,87.5267,111.376,-33.3376,-162.394,15.2202,
2026_07_06_17_07_41.724,3.869,30,0,0.76,0,0,0,0, ,0,0,0,0,0, ,604,46.5,-917.2,-37.3,-121.7,21.3,25,586.703,84.4629,51.2506,-33.9112,-159.881,15.7125,
2026_07_06_17_07_41.733,3.869,29.9,0,0.757,0,0,0,0, ,0,0,0,0,0, ,629.5,67.6,-893.1,-20.7,-130.5,15.3,25,588.534,82.7925,-7.03006,-33.6119,-157.822,15.8702,
2026_07_06_17_07_41.765,3.869,30,0,0.758,0,0,0,0, ,0,0,0,0,0, ,537.2,43.4,-885.3,8.5,-123.7,-19,25,588.218,81.1293,-60.7873,-31.9354,-155.95,14.7904,
2026_07_06_17_07_41.772,3.869,29.9,0,0.759,0,0,0,0, ,0,0,0,0,0, ,620.8,10.2,-797.1,-5,-90.6,3.7,25,587.656,77.8186,-108.344,-29.8827,-152.976,13.4229,
2026_07_06_17_07_41.803,3.869,30.1,0,0.76,0,0,0,0, ,0,0,0,0,0, ,546.3,43.4,-863.8,-12.4,-9.6,10,25,587.406,74.7097,-152.347,-28.5919,-146.707,13.0224,
2026_07_06_17_07_41.813,3.869,30,0,0.76,0,0,0,0, ,0,0,0,0,0, ,503.4,53.7,-887.6,-11.4,26,4.9,25,583.594,73.1156,-196.426,-27.5747,-137.268,12.6828,
2026_07_06_17_07_41.844,3.869,30,0,0.759,0,0,0,0, ,0,0,0,0,0, ,511.4,56.1,-849.6,-9,22.8,4.1,25,578.951,72.0056,-237.387,-26.516,-127.416,12.1842,
2026_07_06_17_07_41.851,3.869,30,0,0.76,0,0,0,0, ,0,0,0,0,0, ,502.4,80.5,-853,-5.8,10.3,2.3,25,574.56,71.7798,-274.797,-25.3511,-118.643,11.6367,
2026_07_06_17_07_41.883,3.869,30,0,0.757,0,0,0,0, ,0,0,0,0,0, ,558.4,52.4,-841.9,-7.4,3.7,-0.9,25,571.869,71.455,-309.693,-24.2084,-110.987,10.9702,
2026_07_06_17_07_41.892,3.869,30,0,0.757,0,0,0,0, ,0,0,0,0,0, ,569.7,50,-847.1,-3,6.2,2,25,571.393,70.2207,-342.283,-23.0501,-103.922,10.3353,
2026_07_06_17_07_41.924,3.869,30,0,0.759,0,0,0,0, ,0,0,0,0,0, ,573.6,69,-836.3,-3.6,-1.4,0.9,25,571.408,69.5674,-372.716,-21.8466,-97.4428,9.79381,
2026_07_06_17_07_41.931,3.869,30,0,0.759,0,0,0,0, ,0,0,0,0,0, ,588.8,52.1,-799.6,-3.6,-12.6,0.6,25,572.005,69.0179,-399.848,-20.7347,-91.9315,9.24271,
2026_07_06_17_07_41.962,3.869,30,0,0.759,0,0,0,0, ,0,0,0,0,0, ,592.7,49.8,-809.6,-3.2,-14.2,2.1,25,573.147,67.9169,-424.512,-19.6784,-87.1459,8.76174,
2026_07_06_17_07_41.971,3.869,30,0,0.759,0,0,0,0, ,0,0,0,0,0, ,599.7,47.6,-819.5,-1.3,-6.8,6.1,25,574.552,66.7459,-448.28,-18.6163,-82.4753,8.47767,
2026_07_06_17_07_42.008,3.869,29.9,0,0.757,0,0,0,0, ,0,0,0,0,0, ,584.5,54.9,-849.6,1.5,10.2,6.6,25,575.621,65.8016,-471.819,-17.4758,-77.3459,8.34801,
2026_07_06_17_07_42.013,3.869,30,0,0.759,0,0,0,0, ,0,0,0,0,0, ,574.4,48.3,-824.5,2,26.2,4.4,25,575.855,64.9362,-494.075,-16.3042,-71.5236,8.17446,
2026_07_06_17_07_42.044,3.869,30,0,0.759,0,0,0,0, ,0,0,0,0,0, ,576.1,46.1,-811.1,-1.2,12.4,11.2,25,575.818,63.8554,-513.802,-15.2863,-65.989,8.15164,
2026_07_06_17_07_42.050,3.869,30,0,0.759,0,0,0,0, ,0,0,0,0,0, ,540.6,42.1,-837.4,-1,-9.2,16.5,25,574.753,62.6515,-532.72,-14.4218,-61.8703,8.49889,
2026_07_06_17_07_42.081,3.869,29.9,0,0.76,0,0,0,0, ,0,0,0,0,0, ,533.8,39.7,-841.9,3.6,-7.9,13.4,25,572.465,61.326,-551.423,-13.4638,-58.6211,8.892,
2026_07_06_17_07_42.089,3.869,30,0,0.758,0,0,0,0, ,0,0,0,0,0, ,559.3,37.4,-852.2,6.5,5.8,7.7,25,570.886,59.9381,-569.438,-12.3356,-55.1129,8.99304,
2026_07_06_17_07_42.123,3.869,30,0,0.759,0,0,0,0, ,0,0,0,0,0, ,587.2,31.2,-818.3,7.6,20.7,6.8,25,571.03,58.3758,-585.636,-11.1543,-50.947,8.88682,
2026_07_06_17_07_42.129,3.869,30,0,0.758,0,0,0,0, ,0,0,0,0,0, ,587,30,-810.4,7,23.3,9.8,25,572.009,56.6832,-599.573,-10.0297,-46.5018,8.85106,
2026_07_06_17_07_42.161,3.869,30.1,0,0.759,0,0,0,0, ,0,0,0,0,0, ,578.7,33.4,-836.1,6.9,15.6,12.1,25,572.67,55.1608,-613.204,-8.99502,-42.4829,8.97897,
2026_07_06_17_07_42.169,3.869,30,0,0.76,0,0,0,0, ,0,0,0,0,0, ,614.6,18.1,-850.5,8.7,1.9,16.9,25,574.131,53.3686,-627.225,-7.97158,-39.3609,9.3154,
2026_07_06_17_07_42.201,3.869,30,0,0.759,0,0,0,0, ,0,0,0,0,0, ,681,-5.1,-877.9,19.4,-8.7,25.7,25,578.62,50.5125,-641.666,-6.62964,-37.1695,10.0457,
2026_07_06_17_07_42.208,3.869,30,0,0.758,0,0,0,0, ,0,0,0,0,0, ,708.2,-1.5,-841.6,31.1,-11,39.9,25,585.688,47.2333,-654.955,-4.68697,-35.5047,11.4323,
2026_07_06_17_07_42.239,3.869,30,0,0.758,0,0,0,0, ,0,0,0,0,0, ,811.7,-4.2,-919.7,27.8,-29,45.5,25,596.307,44.1814,-668.708,-2.60675,-34.5599,13.3377,
2026_07_06_17_07_42.250,3.869,29.9,0,0.759,0,0,0,0, ,0,0,0,0,0, ,775.5,-60,-795.5,35.2,-30.7,79.1,25,608.329,39.533,-680.219,-0.528371,-34.2729,16.3213,
2026_07_06_17_07_42.287,3.869,30,0,0.758,0,0,0,0, ,0,0,0,0,0, ,637.3,-52.9,-775.6,25.4,-15.1,89.5,25,614.306,33.684,-686.638,1.35023,-33.5798,20.4638,
2026_07_06_17_07_42.290,3.869,30,0,0.757,0,0,0,0, ,0,0,0,0,0, ,744.2,-33.2,-783.3,14.3,-3.7,86.1,25,618.964,29.008,-692.293,2.47756,-32.1064,24.5671,
2026_07_06_17_07_42.322,3.869,29.9,0,0.758,0,0,0,0, ,0,0,0,0,0, ,813.8,-104.8,-811.4,18.1,30.5,100.8,25,628.716,23.0357,-698.695,3.31377,-29.3333,28.7646,
2026_07_06_17_07_42.327,3.869,29.9,0,0.759,0,0,0,0, ,0,0,0,0,0, ,709.3,-120.6,-764.7,10.3,99.6,108.8,25,636.811,14.7643,-704.14,3.97715,-23.5819,33.398,
2026_07_06_17_07_42.360,3.869,30,0,0.758,0,0,0,0, ,0,0,0,0,0, ,672.4,-102.6,-759,4.4,167.2,89.6,25,640.104,7.06396,-707.657,4.18269,-14.0158,37.4078,
2026_07_06_17_07_42.367,3.869,30,0,0.758,0,0,0,0, ,0,0,0,0,0, ,840.3,-157.2,-704.3,-0.1,216.2,84.7,25,647.187,-1.28228,-709.119,4.05882,-1.47997,40.439,
2026_07_06_17_07_42.399,3.869,30,0,0.758,0,0,0,0, ,0,0,0,0,0, ,983.3,-159.9,-823.7,14.7,250.1,94.9,25,663.312,-10.8658,-712.463,4.25633,12.8178,43.4469,
2026_07_06_17_07_42.407,3.869,30,0,0.759,0,0,0,0, ,0,0,0,0,0, ,975.3,-206.4,-868.4,44,250.1,72.6,25,682.568,-21.3643,-720.604,5.78547,27.2772,45.9029,
2026_07_06_17_07_42.440,3.869,30,0,0.758,0,0,0,0, ,0,0,0,0,0, ,929.3,-270.6,-570.9,22.9,250.1,31.5,25,699.005,-34.5961,-720.546,7.47128,40.8554,46.2775,
2026_07_06_17_07_42.446,3.869,30,0,0.758,0,0,0,0, ,0,0,0,0,0, ,958.2,-289.4,-573.9,10.3,250.1,31.8,25,713.919,-49.5504,-711.518,8.02756,53.6063,45.3861,
2026_07_06_17_07_42.477,3.869,30,0,0.758,0,0,0,0, ,0,0,0,0,0, ,922.1,-331.2,-515.8,24.8,250.1,45,25,727.705,-65.4398,-701.362,8.60784,65.5801,44.9604,
2026_07_06_17_07_42.485,3.869,30,0,0.758,0,0,0,0, ,0,0,0,0,0, ,690.9,-305,-360.5,41.9,250.1,33.8,25,732.506,-80.8363,-685.322,10.1156,76.8243,44.6216,
2026_07_06_17_07_42.517,3.869,30,0,0.759,0,0,0,0, ,0,0,0,0,0, ,597.6,-301,-200.4,53.8,250.1,10.6,25,727.128,-94.3744,-660.65,12.415,87.3833,43.2553,
2026_07_06_17_07_42.524,3.869,30,0,0.758,0,0,0,0, ,0,0,0,0,0, ,611.2,-279.7,8,67,250.1,9.4,25,719.649,-106.317,-626.254,15.3391,97.2988,41.2288,
2026_07_06_17_07_42.557,3.869,30,0,0.758,0,0,0,0, ,0,0,0,0,0, ,538,-254,176.6,72.5,250.1,6.1,25,710.81,-116.099,-582.467,18.6548,106.61,39.1887,
2026_07_06_17_07_42.564,3.869,30,0,0.758,0,0,0,0, ,0,0,0,0,0, ,505.6,-248.2,271.3,76,250.1,-12.2,25,699.293,-124.326,-533.326,22.0426,115.354,36.6147,
2026_07_06_17_07_42.597,3.869,30,0,0.759,0,0,0,0, ,0,0,0,0,0, ,671.5,-246.4,396.8,86.4,250.1,-6.7,25,692.544,-131.819,-480.471,25.6475,123.565,33.8077,
2026_07_06_17_07_42.604,3.869,30.1,0,0.757,0,0,0,0, ,0,0,0,0,0, ,722.2,-241.2,447.5,97.4,250.1,8.5,25,692.807,-138.643,-425.467,29.6848,131.276,31.8024,
2026_07_06_17_07_42.637,3.869,30,0,0.758,0,0,0,0, ,0,0,0,0,0, ,598.8,-186.6,547.8,110.6,250.1,35.3,25,690.838,-143.229,-369.215,34.2133,138.517,31.1989,
2026_07_06_17_07_42.643,3.869,30,0,0.759,0,0,0,0, ,0,0,0,0,0, ,492.5,-153.1,628.7,117,250.1,46.7,25,681.991,-144.851,-310.869,39.0632,145.316,31.7962,
2026_07_06_17_07_42.676,3.869,29.9,0,0.758,0,0,0,0, ,0,0,0,0,0, ,407.5,-109.8,734.6,124.8,250.1,60.1,25,667.854,-144.035,-250.388,44.0501,151.702,33.1127,
2026_07_06_17_07_42.683,3.869,30,0,0.759,0,0,0,0, ,0,0,0,0,0, ,296.2,-69.4,786.2,128.7,230.3,80.3,25,648.597,-140.718,-188.793,49.0896,157.094,35.3727,
2026_07_06_17_07_42.716,3.869,30,0,0.758,0,0,0,0, ,0,0,0,0,0, ,204.4,-22.9,805.7,136.4,196.7,98.4,25,624.326,-134.955,-128.785,54.1755,160.532,38.6619,
2026_07_06_17_07_42.723,3.869,30,0,0.759,0,0,0,0, ,0,0,0,0,0, ,136.1,50.4,825.1,136.2,168.1,111.1,25,596.656,-125.893,-71.2486,59.1799,161.864,42.6892,
2026_07_06_17_07_42.756,3.869,30,0,0.759,0,0,0,0, ,0,0,0,0,0, ,61.8,131.2,855.8,133.4,137.3,123.5,25,566.327,-112.689,-15.692,63.788,161.306,47.2358,
2026_07_06_17_07_42.761,3.869,30,0,0.76,0,0,0,0, ,0,0,0,0,0, ,-41.1,205.4,829.8,137.5,122.1,132.9,25,532.447,-95.5658,36.6223,68.1549,159.38,52.1695,
2026_07_06_17_07_42.794,3.869,30,0,0.76,0,0,0,0, ,0,0,0,0,0, ,-101.4,287.5,853.5,141.5,111.7,139.5,25,495.659,-74.7242,85.6787,72.5025,156.791,57.2901,
2026_07_06_17_07_42.801,3.869,30,0,0.758,0,0,0,0, ,0,0,0,0,0, ,-250.9,378.6,993.4,128.6,82,141.3,25,454.721,-49.8755,136.73,76.314,153.139,62.3546,
2026_07_06_17_07_42.835,3.869,30,0,0.758,0,0,0,0, ,0,0,0,0,0, ,-334.2,434.6,1118.6,98.3,65,126.1,25,409.184,-22.059,192.748,78.577,148.286,66.7022,
2026_07_06_17_07_42.848,3.869,30,0,0.758,0,0,0,0, ,0,0,0,0,0, ,-413.6,426.7,1173.7,65.2,65.2,100.7,25,361.465,5.52797,250.846,78.7703,143.216,69.5479,
2026_07_06_17_07_42.882,3.869,30,0,0.759,0,0,0,0, ,0,0,0,0,0, ,-702,221.5,1034.1,84,54.2,71.2,25,305.447,24.9409,302.829,78.5162,138.127,70.5474,
2026_07_06_17_07_42.883,3.869,30,0,0.759,0,0,0,0, ,0,0,0,0,0, ,-492.5,446.5,1102.5,79.8,2.8,52.3,25,250.439,43.7742,349.475,78.7224,131.447,70.0113,
2026_07_06_17_07_42.915,3.869,29.9,0,0.758,0,0,0,0, ,0,0,0,0,0, ,-396.6,464.5,1177.9,53.2,-12.4,37.6,25,208.088,68.8638,397.66,77.9776,123.144,68.4841,
2026_07_06_17_07_42.921,3.869,30,0,0.758,0,0,0,0, ,0,0,0,0,0, ,-369.9,481.2,1144.1,30,-10.6,23.4,25,172.053,93.4817,444.176,75.7608,114.939,66.1695,
2026_07_06_17_07_42.955,3.869,30,0,0.759,0,0,0,0, ,0,0,0,0,0, ,-404.6,504.2,1216.7,13.9,-33.6,12.6,25,137.971,117.809,489.04,72.4817,106.589,63.2341,
2026_07_06_17_07_42.960,3.869,30,0,0.757,0,0,0,0, ,0,0,0,0,0, ,-324.4,471.1,1212.4,-19.6,-44.7,-0.4,25,107.352,140.346,533.25,67.8912,97.7076,59.7525,
2026_07_06_17_07_42.993,3.869,29.9,0,0.758,0,0,0,0, ,0,0,0,0,0, ,-528.8,430.5,1176.7,-50.5,-49.6,-29.2,25,74.8139,159.264,573.548,61.6182,88.8803,55.2095,
2026_07_06_17_07_42.999,3.869,30,0,0.758,0,0,0,0, ,0,0,0,0,0, ,-502.5,442.5,1049.4,-62.4,-83.5,-72.3,25,38.8325,176.159,606.424,54.4235,79.4088,48.7526,
2026_07_06_17_07_43.031,3.869,30,0,0.758,0,0,0,0, ,0,0,0,0,0, ,-552,355.4,862.5,-41.8,-98.4,-110.6,25,4.33688,189.735,627.723,47.9322,69.0275,40.209,
2026_07_06_17_07_43.040,3.869,30,0,0.759,0,0,0,0, ,0,0,0,0,0, ,-474.9,415.7,854.7,-32.2,-114.2,-155.5,25,-27.2158,201.667,641.792,42.7566,58.3435,29.651,
2026_07_06_17_07_43.072,3.869,30,0,0.76,0,0,0,0, ,0,0,0,0,0, ,-467.5,468.7,956.5,-41.8,-140.2,-200.9,25,-54.271,216.325,657.868,37.8965,47.037,16.9851,
2026_07_06_17_07_43.078,3.869,30,0,0.758,0,0,0,0, ,0,0,0,0,0, ,-442.9,573.3,962.5,-68.9,-170.2,-250.1,25,-78.7026,234.891,676.249,32.2143,34.7132,2.20866,
2026_07_06_17_07_43.112,3.869,29.9,0,0.758,0,0,0,0, ,0,0,0,0,0, ,-250.6,587.2,871.7,-96.1,-195.4,-250.1,25,-95.0368,255.936,690.926,25.2239,21.4584,-13.1664,
2026_07_06_17_07_43.119,3.869,30,0,0.758,0,0,0,0, ,0,0,0,0,0, ,54.8,528,678.7,-94.2,-180.8,-250.1,25,-95.2113,274.319,696.061,17.8886,8.68848,-27.6045,
2026_07_06_17_07_43.151,3.869,30,0,0.76,0,0,0,0, ,0,0,0,0,0, ,120.9,459.9,734,-76.8,-113.8,-250.1,25,-84.056,287.703,696.688,11.5883,-0.817067,-41.1629,
2026_07_06_17_07_43.158,3.869,30,0,0.758,0,0,0,0, ,0,0,0,0,0, ,-61.2,479.6,826.7,-52.9,-91.6,-250.1,25,-77.1148,298.796,701.786,6.93037,-7.02556,-53.895,
2026_07_06_17_07_43.193,3.869,30,0,0.758,0,0,0,0, ,0,0,0,0,0, ,-100.3,580.2,817.7,-57.2,-128.3,-250.1,25,-77.3363,312.879,709.124,3.15345,-13.2975,-65.8512,
2026_07_06_17_07_43.198,3.869,30,0,0.758,0,0,0,0, ,0,0,0,0,0, ,205,578,820.4,-74.9,-162.9,-250.1,25,-69.4336,329.102,715.823,-1.06364,-21.3597,-77.0789,
2026_07_06_17_07_43.231,3.869,30,0,0.758,0,0,0,0, ,0,0,0,0,0, ,393.4,484.3,951,-107.1,-149.2,-250.1,25,-46.97,341.414,726.175,-6.54414,-29.5674,-87.6223,
2026_07_06_17_07_43.236,3.869,29.9,0,0.758,0,0,0,0, ,0,0,0,0,0, ,475.9,470,831.2,-121,-123.4,-250.1,25,-17.6213,349.686,736.225,-13.0953,-36.0714,-97.5233,
2026_07_06_17_07_43.270,3.869,30,0,0.759,0,0,0,0, ,0,0,0,0,0, ,533.2,394.1,794.5,-109.3,-114.2,-250.1,25,14.1985,354.705,740.894,-19.3142,-41.1127,-106.821,
2026_07_06_17_07_43.277,3.869,30,0,0.759,0,0,0,0, ,0,0,0,0,0, ,426.1,430.9,725.2,-53,-88.4,-246.5,25,42.562,358.227,742.049,-23.0823,-44.7803,-115.442,
2026_07_06_17_07_43.311,3.869,30,0,0.759,0,0,0,0, ,0,0,0,0,0, ,408.2,322.2,669.3,-59,-80.4,-250.1,25,65.3884,359.343,739.319,-25.0883,-47.1947,-123.538,
2026_07_06_17_07_43.316,3.869,30,0,0.758,0,0,0,0, ,0,0,0,0,0, ,437.2,193.8,742.7,-56.5,-110.2,-212,25,87.1621,353.168,737.289,-27.0786,-50.1261,-130.09,
2026_07_06_17_07_43.350,3.869,29.9,0,0.758,0,0,0,0, ,0,0,0,0,0, ,412.4,352.9,665.7,-27.4,-150.4,-200.2,25,107.737,348.304,735.272,-27.9848,-55.0117,-134.722,
2026_07_06_17_07_43.357,3.869,30,0,0.758,0,0,0,0, ,0,0,0,0,0, ,219.8,343,763.3,-15.4,-129.3,-206.7,25,120.434,348.282,734.007,-27.5836,-60.1815,-138.91,
2026_07_06_17_07_43.390,3.869,30,0,0.758,0,0,0,0, ,0,0,0,0,0, ,132,413.9,750.8,-12.6,-124,-221.2,25,123.814,350.12,735.411,-26.7558,-64.2319,-143.483,
2026_07_06_17_07_43.395,3.869,30,0,0.76,0,0,0,0, ,0,0,0,0,0, ,449.9,386.8,793.8,-10.9,-158.5,-206.3,25,133.999,353.181,737.659,-25.8414,-68.9252,-147.765,
2026_07_06_17_07_43.430,3.869,30,0,0.758,0,0,0,0, ,0,0,0,0,0, ,750.6,367,752.4,4.6,-178.4,-162.9,25,162.411,354.627,739.819,-24.4586,-74.99,-150.009,
2026_07_06_17_07_43.435,3.869,30,0,0.758,0,0,0,0, ,0,0,0,0,0, ,841.4,382.8,609.4,0,-160.6,-139.1,25,201.02,355.862,736.228,-22.828,-80.7492,-150.07,
2026_07_06_17_07_43.469,3.869,30,0,0.758,0,0,0,0, ,0,0,0,0,0, ,977.2,353.1,478.8,7.2,-107.3,-131.9,25,244.181,356.599,724.52,-21.2176,-83.9911,-149.182,
2026_07_06_17_07_43.475,3.869,30,0,0.758,0,0,0,0, ,0,0,0,0,0, ,976.4,316.4,536.6,41.3,-61.9,-136.3,25,288.825,355.267,711.308,-18.4469,-84.0282,-148.263,
2026_07_06_17_07_43.510,3.869,30,0,0.759,0,0,0,0, ,0,0,0,0,0, ,946.4,411,623,78.4,-52.4,-92.1,25,329.81,355.781,703.294,-13.6757,-82.3904,-146.187,
2026_07_06_17_07_43.513,3.869,30,0,0.759,0,0,0,0, ,0,0,0,0,0, ,816.1,499.3,721.3,75,-48.4,-52.1,25,363.413,361.836,701.396,-8.16841,-80.4409,-141.672,
2026_07_06_17_07_43.547,3.869,30,0,0.758,0,0,0,0, ,0,0,0,0,0, ,591.9,568.8,776.3,64,-29.5,-44.8,25,384.168,372.331,704.285,-3.43549,-77.9126,-135.992,
2026_07_06_17_07_43.554,3.869,30,0,0.759,0,0,0,0, ,0,0,0,0,0, ,440.4,540.4,823.2,56.7,-12,-64.5,25,392.211,383.438,710.102,0.451437,-74.4292,-131.035,
2026_07_06_17_07_43.589,3.869,30,0,0.758,0,0,0,0, ,0,0,0,0,0, ,482,527.4,919,30.7,-27.4,-57.9,25,396.415,392.607,719.913,3.0869,-71.0942,-126.779,
2026_07_06_17_07_43.594,3.869,30,0,0.758,0,0,0,0, ,0,0,0,0,0, ,510.2,628.4,949.7,0.9,-46.1,-43.6,25,402.489,403.898,732.98,3.8616,-69.0013,-122.146,
2026_07_06_17_07_43.628,3.869,29.9,0,0.759,0,0,0,0, ,0,0,0,0,0, ,560.6,635.6,870.3,-28.6,-46.4,-34,25,410.588,417.798,743.767,2.7823,-67.6149,-117.067,
2026_07_06_17_07_43.633,3.869,30,0,0.758,0,0,0,0, ,0,0,0,0,0, ,617.1,613.4,802.7,-49.5,-38.9,-19.4,25,421.451,430.394,749.418,0.233144,-66.0936,-111.561,
2026_07_06_17_07_43.666,3.869,30,0,0.759,0,0,0,0, ,0,0,0,0,0, ,616.8,591.6,824.9,-63.3,-40.9,-8.7,25,433.365,440.881,753.342,-3.21794,-64.4974,-105.619,
2026_07_06_17_07_43.672,3.869,30,0,0.758,0,0,0,0, ,0,0,0,0,0, ,625.1,581.7,784.1,-79.1,-32.6,-4,25,444.795,449.764,756.459,-7.36059,-62.8066,-99.5693,
2026_07_06_17_07_43.706,3.869,29.9,0,0.758,0,0,0,0, ,0,0,0,0,0, ,592.8,587.6,730.7,-89.3,-30.8,0.6,25,454.799,457.984,756.516,-12.043,-60.911,-93.6054,
2026_07_06_17_07_43.711,3.869,29.9,0,0.758,0,0,0,0, ,0,0,0,0,0, ,647.8,548,692.6,-98.3,-47.9,17.4,25,464.884,464.676,753.782,-17.0251,-59.5972,-87.3529,
2026_07_06_17_07_43.745,3.869,29.9,0,0.758,0,0,0,0, ,0,0,0,0,0, ,726,508,688.3,-113.2,-63.3,48,25,478.413,468.535,749.923,-22.4317,-59.3536,-80.0372,
2026_07_06_17_07_43.752,3.869,30,0,0.758,0,0,0,0, ,0,0,0,0,0, ,721.5,478.5,670.2,-126.7,-47.5,70.1,25,493.363,470.041,745.616,-28.3743,-59.1127,-71.5616,
2026_07_06_17_07_43.785,3.869,29.9,0,0.759,0,0,0,0, ,0,0,0,0,0, ,724.2,443.4,617.9,-120.1,-36.7,72.4,25,507.348,469.487,739.427,-34.1649,-58.0759,-62.859,
2026_07_06_17_07_43.791,3.869,29.9,0,0.759,0,0,0,0, ,0,0,0,0,0, ,667.9,369.3,722.4,-120.1,-51,92.5,25,518.847,465.639,735.206,-39.4016,-57.2091,-54.0042,
2026_07_06_17_07_43.827,3.869,30,0,0.758,0,0,0,0, ,0,0,0,0,0, ,970.9,314.9,620.8,-127.9,-59.5,123.1,25,537.162,458.111,731.33,-44.5568,-57.0897,-44.1443,
2026_07_06_17_07_43.832,3.869,29.9,0,0.758,0,0,0,0, ,0,0,0,0,0, ,1083.6,202.7,609.8,-125.4,-64.8,181.1,25,567.026,445.966,724.259,-49.5593,-57.398,-32.1856,
2026_07_06_17_07_43.868,3.869,30,0,0.758,0,0,0,0, ,0,0,0,0,0, ,969.7,123.5,538.2,-131.2,-48,242.7,25,595.035,428.729,715.103,-54.3576,-57.3372,-17.3117,
2026_07_06_17_07_43.873,3.869,30,0,0.758,0,0,0,0, ,0,0,0,0,0, ,843,106,566.6,-109.6,-34.5,250.1,25,614.005,409.595,705.188,-58.382,-56.3569,-1.24174,
2026_07_06_17_07_43.907,3.869,29.9,0,0.757,0,0,0,0, ,0,0,0,0,0, ,869.8,-5.2,482.9,-74.8,-27.7,234.1,25,628.776,387.707,694.193,-60.4428,-54.8178,13.5869,
2026_07_06_17_07_43.911,3.869,30,0,0.758,0,0,0,0, ,0,0,0,0,0, ,828.8,-56.5,473.2,-61.5,-20.6,226.2,25,642.215,362.201,681.021,-60.9125,-52.949,26.7837,
2026_07_06_17_07_43.946,3.869,30,0,0.758,0,0,0,0, ,0,0,0,0,0, ,838.6,-136.2,522.5,-38,-4.1,225,25,653.883,334.258,669.859,-60.2323,-50.475,38.8991,
2026_07_06_17_07_43.957,3.869,30,0,0.758,0,0,0,0, ,0,0,0,0,0, ,797.6,-166,545.5,-25,8.4,227.8,25,663.89,304.682,661.58,-58.4814,-47.2682,50.3249,
2026_07_06_17_07_43.992,3.869,29.9,0,0.758,0,0,0,0, ,0,0,0,0,0, ,700.4,-186.2,537.5,-2.2,14.7,232.1,25,669.077,275.384,654.263,-55.7464,-43.6839,61.2708,
2026_07_06_17_07_43.992,3.869,30,0,0.759,0,0,0,0, ,0,0,0,0,0, ,730.1,-257.8,505.7,23.7,17.6,239.5,25,671.89,245.075,646.179,-51.6943,-40.0378,71.9062,
2026_07_06_17_07_44.026,3.869,30,0,0.758,0,0,0,0, ,0,0,0,0,0, ,696.4,-319.3,396.9,41,6.2,230,25,674.411,212.557,634.303,-46.5729,-36.8728,81.8295,
2026_07_06_17_07_44.031,3.869,30,0,0.758,0,0,0,0, ,0,0,0,0,0, ,645.8,-321,386.7,71.7,10.4,232,25,674.209,180.095,619.526,-40.301,-34.1201,90.9196,
2026_07_06_17_07_44.064,3.869,29.9,0,0.758,0,0,0,0, ,0,0,0,0,0, ,617.5,-299.1,503.4,98.1,7.2,235.5,25,671.615,150.227,608.894,-32.6716,-31.5047,99.6233,
2026_07_06_17_07_44.069,3.869,30,0,0.758,0,0,0,0, ,0,0,0,0,0, ,561.2,-257.4,558.3,102.2,-3.6,243.5,25,666.602,124.117,604.138,-24.5778,-29.4752,108.147,
2026_07_06_17_07_44.105,3.869,30,0,0.759,0,0,0,0, ,0,0,0,0,0, ,486,-250.7,510.2,115.4,-29.2,246.4,25,657.888,101.072,599.879,-16.45,-28.6784,116.483,
2026_07_06_17_07_44.110,3.869,29.9,0,0.759,0,0,0,0, ,0,0,0,0,0, ,511.8,-289.7,475.9,124.6,-48.3,242.8,25,648.2,78.4477,593.369,-8.13512,-29.2921,124.291,
2026_07_06_17_07_44.146,3.869,29.9,0,0.759,0,0,0,0.001, ,0,0,0,0,0, ,538,-291.9,492.7,139.8,-61.9,249.4,25,640.686,55.9467,586.723,0.416548,-30.8648,131.713,
2026_07_06_17_07_44.150,3.869,29.9,0,0.758,0,0,0,0.001, ,0,0,0,0,0, ,489.8,-212.8,601.1,156,-72.6,250.1,25,632.96,37.1598,584.296,9.40382,-33.082,138.906,
2026_07_06_17_07_44.185,3.869,30,0,0.758,0,0,0,0.001, ,0,0,0,0,0, ,479.3,-187.5,647.8,175.7,-55.8,244.8,25,623.916,22.6988,586.743,18.9373,-34.9783,145.521,
2026_07_06_17_07_44.191,3.869,29.9,0,0.756,0,0,0,0, ,0,0,0,0,0, ,450.8,-170,666.1,184.9,-21.6,224.8,25,614.236,10.423,591.021,28.7703,-35.2051,150.961,
2026_07_06_17_07_44.225,3.869,30,0,0.758,0,0,0,0.001, ,0,0,0,0,0, ,368.6,-141.9,757.9,174,-46.1,238.1,25,601.772,0.284636,598.393,37.9523,-35.1225,155.866,
2026_07_06_17_07_44.230,3.869,30,0,0.758,0,0,0,0, ,0,0,0,0,0, ,451.6,-142.9,709.4,183.9,-75.3,243.2,25,590.092,-8.41021,606.636,46.5444,-36.6811,161.032,
2026_07_06_17_07_44.264,3.869,29.9,0,0.758,0,0,0,0, ,0,0,0,0,0, ,377.8,-99.2,792.6,196,-78.5,238.7,25,579.404,-15.2742,615.433,55.2832,-39.132,165.902,
2026_07_06_17_07_44.269,3.869,29.9,0,0.759,0,0,0,0.001, ,0,0,0,0,0, ,160.1,15.2,779.4,205.2,-62.6,196.2,25,560.485,-16.9028,625.827,64.1384,-41.0465,169.044,
2026_07_06_17_07_44.306,3.869,30,0,0.758,0,0,0,0.001, ,0,0,0,0,0, ,339.9,15.1,973.5,190.5,-39.8,172.3,25,541.565,-14.9496,641.099,72.2865,-41.6652,169.97,
2026_07_06_17_07_44.307,3.869,30,0,0.759,0,0,0,0, ,0,0,0,0,0, ,359.2,3,998.1,177.2,-5,172,25,529.864,-13.4871,662.104,79.0849,-40.4913,170.103,
2026_07_06_17_07_44.343,3.869,30,0,0.758,0,0,0,0, ,0,0,0,0,0, ,154.4,41.5,945.9,174.5,5.5,162.4,25,513.224,-11.3094,680.989,84.9815,-38.0086,169.926,
2026_07_06_17_07_44.348,3.869,29.9,0,0.759,0,0,0,0, ,0,0,0,0,0, ,75.5,60.5,960,164.8,4.7,137.4,25,488.955,-7.5124,697.561,90.141,-35.3817,168.706,
2026_07_06_17_07_44.382,3.869,29.9,0,0.759,0,0,0,0.001, ,0,0,0,0,0, ,123.4,97.1,1021.1,153.4,-3,127.5,25,465.219,-2.25274,715.415,94.3432,-33.1738,166.496,
2026_07_06_17_07_44.388,3.869,30,0,0.76,0,0,0,0.001, ,0,0,0,0,0, ,132,151.2,1125.4,135.3,1.4,120.9,25,444.652,5.44993,737.221,97.3905,-31.201,163.919,
2026_07_06_17_07_44.423,3.869,30,0,0.758,0,0,0,0, ,0,0,0,0,0, ,88.2,151.6,1089.2,113.6,9.2,105.6,25,424.265,14.3438,759.772,99.0394,-28.9767,160.831,
2026_07_06_17_07_44.424,3.869,30,0,0.76,0,0,0,0, ,0,0,0,0,0, ,20.2,140.1,1036.7,92.5,-4.3,99.6,25,401.714,22.3574,778.247,99.2838,-27.0617,157.283,
2026_07_06_17_07_44.458,3.869,30,0,0.759,0,0,0,0, ,0,0,0,0,0, ,203.2,147.5,1006.5,75.5,-37.6,101.1,25,384.041,29.7578,793.077,98.3524,-26.6892,153.814,
2026_07_06_17_07_44.464,3.869,30,0,0.758,0,0,0,0, ,0,0,0,0,0, ,192.9,199.5,1030,56.3,-36.6,94.5,25,372.707,38.5171,806.798,96.3749,-27.3236,150.4,
2026_07_06_17_07_44.498,3.869,30,0,0.759,0,0,0,0, ,0,0,0,0,0, ,238.4,189.3,1039.7,71,-23.5,93.8,25,363.137,48.0162,820.695,94.3807,-27.4898,146.972,
2026_07_06_17_07_44.503,3.869,30,0,0.758,0,0,0,0, ,0,0,0,0,0, ,27,268.7,1118.4,75.2,-3.8,73.5,25,349.095,59.0449,836.439,93.0839,-26.6464,143.114,
2026_07_06_17_07_44.536,3.869,29.9,0,0.758,0,0,0,0, ,0,0,0,0,0, ,24.6,257.2,1079.9,64.8,-20.9,52,25,329.394,71.4704,852.448,91.6772,-25.7752,138.217,
2026_07_06_17_07_44.543,3.869,29.9,0,0.758,0,0,0,0.001, ,0,0,0,0,0, ,250.6,266.1,1073.2,60.5,-34.7,51.5,25,317.706,83.0595,866.104,89.9084,-25.8986,132.948,
2026_07_06_17_07_44.578,3.869,30,0,0.759,0,0,0,0.001, ,0,0,0,0,0, ,302.3,296.2,1099.2,54.3,-38.1,56.4,25,315.192,95.1306,879.516,87.9274,-26.5385,128.134,
2026_07_06_17_07_44.584,3.869,30,0,0.758,0,0,0,0, ,0,0,0,0,0, ,95.2,304.8,1145.2,28.1,-34.5,57.2,25,308.097,107.645,894.304,85.08,-27.1334,123.787,
2026_07_06_17_07_44.620,3.869,29.9,0,0.758,0,0,0,0, ,0,0,0,0,0, ,140.9,348.1,1132.9,16.2,-22.8,37.4,25,296.516,120.979,909.219,81.2452,-27.2258,119.126,
2026_07_06_17_07_44.625,3.869,30,0,0.759,0,0,0,0.001, ,0,0,0,0,0, ,149.6,303.1,1119.9,-8.9,-36.2,18.2,25,287.298,133.448,922.453,76.5167,-27.3644,113.561,
2026_07_06_17_07_44.661,3.869,29.9,0,0.758,0,0,0,0, ,0,0,0,0,0, ,201.1,242.9,1077.1,-21.8,-47.6,16,25,280.476,141.952,933.181,70.9186,-28.2501,107.683,
2026_07_06_17_07_44.661,3.869,29.9,0,0.759,0,0,0,0.001, ,0,0,0,0,0, ,269.7,239.8,1037.5,-5.4,-28.6,3.5,25,277.729,148.009,940.744,65.7682,-28.8504,101.715,
2026_07_06_17_07_44.697,3.869,29.9,0,0.758,0,0,0,0.001, ,0,0,0,0,0, ,203.7,188.5,1007.6,-1.9,-4.6,-8.6,25,275.229,152.039,945.73,61.5381,-28.1039,95.3612,
2026_07_06_17_07_44.701,3.869,29.9,0,0.758,0,0,0,0.001, ,0,0,0,0,0, ,183.7,188.9,983.6,-4.9,-2,-20.5,25,270.261,154.273,948.768,57.5809,-26.5924,88.6635,
2026_07_06_17_07_44.736,3.869,29.9,0,0.758,0,0,0,0.001, ,0,0,0,0,0, ,208.6,176.6,933.3,-6.6,-2,-25.6,25,265.745,156.009,949.358,53.7217,-25.0938,81.8559,
2026_07_06_17_07_44.742,3.869,30,0,0.758,0,0,0,0.001, ,0,0,0,0,0, ,370.7,191.1,914.5,-1.1,-4.6,-25,25,267.201,157.705,947.807,50.2134,-23.7657,75.3261,
2026_07_06_17_07_44.776,3.869,30,0,0.759,0,0,0,0, ,0,0,0,0,0, ,341.6,187.5,979.6,-2.1,-11.2,-15.9,25,272.622,159.631,947.761,47.056,-22.7989,69.4898,
2026_07_06_17_07_44.781,3.869,29.9,0,0.756,0,0,0,0, ,0,0,0,0,0, ,271.3,200,1051,-16.3,-16.7,-14.6,25,274.683,161.71,951.877,43.6279,-22.2597,64.3259,
2026_07_06_17_07_44.817,3.869,29.9,0,0.759,0,0,0,0.001, ,0,0,0,0,0, ,188.2,187.1,1058.9,-37.6,-29,-23.3,25,271.945,163.65,958.158,39.3271,-22.2956,59.2513,
2026_07_06_17_07_44.822,3.869,30,0,0.759,0,0,0,0.001, ,0,0,0,0,0, ,159.3,187.5,1050.2,-53.6,-36.4,-44.8,25,265.961,165.091,964.032,34.1518,-22.9297,53.5658,
2026_07_06_17_07_44.859,3.869,30,0,0.759,0,0,0,0, ,0,0,0,0,0, ,339.8,198.7,1006.3,-59.9,-27.6,-59.7,25,264.961,166.798,967.945,28.6125,-23.4824,47.1176,
2026_07_06_17_07_44.859,3.869,30,0,0.759,0,0,0,0, ,0,0,0,0,0, ,421.2,144.4,979.7,-59,-27.2,-57.3,25,272.002,167.087,969.472,23.2462,-23.7211,40.6815,
2026_07_06_17_07_44.895,3.869,30,0,0.758,0,0,0,0, ,0,0,0,0,0, ,375.9,118.2,999.5,-62.3,-54.9,-40.7,25,279.713,164.907,970.698,18.1338,-24.7771,35.2166,
2026_07_06_17_07_44.900,3.869,30,0,0.758,0,0,0,0, ,0,0,0,0,0, ,322.3,98.9,1017.8,-82.5,-98.1,-29.8,25,283.942,161.472,973.011,12.6169,-27.929,30.9225,
2026_07_06_17_07_44.936,3.869,30,0,0.757,0,0,0,0, ,0,0,0,0,0, ,252.4,126.5,1008.9,-108.3,-136.3,-41.5,25,284.149,158.5,975.469,6.03459,-33.3689,26.8657,
2026_07_06_17_07_44.940,3.869,30,0,0.758,0,0,0,0, ,0,0,0,0,0, ,523.1,64.3,876.3,-135,-162.5,-46.7,25,290.462,154.655,973.466,-1.74619,-40.4396,22.5413,
2026_07_06_17_07_44.976,3.869,30,0,0.759,0,0,0,0, ,0,0,0,0,0, ,729.1,-24.9,772.4,-107.6,-132.1,-21,25,310.915,146.431,964.379,-9.0315,-46.9514,19.1049,
2026_07_06_17_07_44.980,3.869,30,0,0.759,0,0,0,0, ,0,0,0,0,0, ,598.2,-57.3,812.5,-85.9,-99.2,-10.4,25,332.41,135.004,953.902,-14.3768,-51.1377,16.984,
2026_07_06_17_07_45.016,3.869,29.9,0,0.758,0,0,0,0, ,0,0,0,0,0, ,474.7,-34,823.9,-88,-112.2,-14.6,25,344.844,123.995,945.633,-18.7993,-54.4626,15.1873,
2026_07_06_17_07_45.021,3.869,30,0,0.76,0,0,0,0.001, ,0,0,0,0,0, ,407.7,-11.1,769.8,-115.3,-157.4,-28,25,350.716,115.065,936.567,-23.848,-59.3581,12.9639,
2026_07_06_17_07_45.059,3.869,30,0,0.757,0,0,0,0, ,0,0,0,0,0, ,609.9,-63.9,658,-133.2,-182.1,-39.1,25,360.349,105.768,922.998,-29.9662,-66.0851,10.1294,
2026_07_06_17_07_45.059,3.869,30,0,0.758,0,0,0,0, ,0,0,0,0,0, ,737.9,-118.8,597.6,-111.9,-136.7,-43.8,25,379.456,93.7562,905.009,-35.6081,-71.7715,6.98632,
2026_07_06_17_07_45.096,3.869,29.9,0,0.758,0,0,0,0, ,0,0,0,0,0, ,727,-146.9,576.6,-93.3,-91.8,-51.8,25,400.966,79.9474,885.637,-39.6904,-74.36,3.64778,
2026_07_06_17_07_45.101,3.869,29.9,0,0.759,0,0,0,0.001, ,0,0,0,0,0, ,656.4,-95.4,573.2,-77.7,-84,-63.5,25,418.683,67.693,866.701,-42.4819,-75.1851,-0.0875572,
2026_07_06_17_07_45.137,3.869,29.9,0,0.759,0,0,0,0.001, ,0,0,0,0,0, ,571,-73.9,577.7,-103.1,-132.7,-74.3,25,430.567,58.4096,848.953,-45.4019,-77.2061,-4.28082,
2026_07_06_17_07_45.137,3.869,30,0,0.759,0,0,0,0.001, ,0,0,0,0,0, ,625.9,-34.1,535.6,-112.2,-184.6,-79.8,25,440.797,51.5597,831.141,-49.1952,-82.1691,-8.71519,
2026_07_06_17_07_45.175,3.869,30,0,0.758,0,0,0,0, ,0,0,0,0,0, ,882.2,-71.7,483,-109.2,-159.8,-93.6,25,459.886,45.1941,811.529,-52.9431,-87.6554,-13.4674,
2026_07_06_17_07_45.178,3.869,30,0,0.757,0,0,0,0, ,0,0,0,0,0, ,963.3,-88.6,472.4,-95.9,-65.4,-117.8,25,488.092,37.556,791.186,-55.966,-89.1754,-19.0878,
2026_07_06_17_07_45.215,3.869,30,0,0.759,0,0,0,0, ,0,0,0,0,0, ,875.7,-58.9,472.5,-92.6,-10.9,-136.2,25,514.381,30.7733,771.763,-58.299,-86.0661,-25.6637,
2026_07_06_17_07_45.215,3.869,30,0,0.758,0,0,0,0, ,0,0,0,0,0, ,821.1,-26.4,458.9,-95,-10.3,-138.5,25,534.735,26.299,753.112,-60.4623,-81.4674,-32.4696,
2026_07_06_17_07_45.251,3.869,29.9,0,0.758,0,0,0,0, ,0,0,0,0,0, ,737,54.9,421.6,-95.3,-45.8,-143.8,25,549.623,25.5648,734.047,-62.5761,-78.2122,-39.0923,
2026_07_06_17_07_45.258,3.869,30,0,0.758,0,0,0,0.001, ,0,0,0,0,0, ,838.2,104.8,344.2,-99,-86.1,-145.9,25,564.125,28.8728,712.649,-64.6829,-77.465,-45.5369,
2026_07_06_17_07_45.292,3.869,29.9,0,0.757,0,0,0,0, ,0,0,0,0,0, ,1058.1,73.1,331.5,-53.2,-87.4,-138.9,25,587.526,32.5338,689.81,-65.3787,-78.0308,-51.4395,
2026_07_06_17_07_45.297,3.869,30,0,0.758,0,0,0,0.001, ,0,0,0,0,0, ,1109.3,55.9,258.4,-50.3,-62.6,-120.9,25,617.762,34.4817,665.748,-64.5482,-77.8461,-56.2207,
2026_07_06_17_07_45.335,3.869,30,0,0.758,0,0,0,0, ,0,0,0,0,0, ,1038.5,95.4,248.9,-49.3,-30.9,-113.4,25,645.558,36.9904,640.636,-63.6494,-75.9512,-59.9336,
2026_07_06_17_07_45.335,3.869,30,0,0.759,0,0,0,0, ,0,0,0,0,0, ,973.9,145.9,285.6,-49,-12.4,-113.6,25,667.534,42.0884,617.883,-62.7659,-72.6422,-63.1978,
2026_07_06_17_07_45.374,3.869,30,0,0.76,0,0,0,0, ,0,0,0,0,0, ,970,181.2,280.7,-32.7,-16,-118.8,25,686.085,49.49,597.485,-61.4304,-69.0809,-66.4276,
2026_07_06_17_07_45.374,3.869,29.9,0,0.759,0,0,0,0, ,0,0,0,0,0, ,1034.6,182.2,277.9,-21.2,-28.3,-108.3,25,705.354,57.5465,578.096,-59.3292,-66.221,-69.2991,
2026_07_06_17_07_45.411,3.869,29.9,0,0.759,0,0,0,0.001, ,0,0,0,0,0, ,1063.9,167.8,176,-16.7,-22.2,-96.3,25,726.31,64.7038,556.698,-56.8686,-63.7244,-71.3101,
2026_07_06_17_07_45.416,3.869,29.9,0,0.759,0,0,0,0.001, ,0,0,0,0,0, ,998.6,221.5,201.4,-33.3,-3.8,-87.8,25,744.893,72.6224,534.273,-54.9266,-60.6334,-72.5739,
2026_07_06_17_07_45.452,3.869,30,0,0.758,0,0,0,0.001, ,0,0,0,0,0, ,891.4,311.2,237.6,-31.7,22.9,-102.7,25,757.087,84.4277,515.091,-53.56,-56.3566,-73.9558,
2026_07_06_17_07_45.452,3.869,30,0,0.758,0,0,0,0, ,0,0,0,0,0, ,874.5,337.8,290.8,-22,42.6,-126.3,25,764.756,99.0571,499.803,-51.9324,-50.9266,-76.4264,
2026_07_06_17_07_45.489,3.869,30,0,0.758,0,0,0,0, ,0,0,0,0,0, ,859.6,389.6,279.1,-19.4,32.6,-123.4,25,770.99,115.184,486.71,-50.0291,-45.532,-79.3772,
2026_07_06_17_07_45.494,3.869,30,0,0.758,0,0,0,0, ,0,0,0,0,0, ,890.1,450,273.1,-78.9,23.3,-114.3,25,777.319,133.746,473.876,-49.9756,-41.0542,-81.7826,
2026_07_06_17_07_45.530,3.869,29.9,0,0.759,0,0,0,0, ,0,0,0,0,0, ,955.8,315.5,363.4,-107.1,31.7,-115.7,25,786.193,148.92,464.393,-52.5974,-36.8767,-83.8068,
2026_07_06_17_07_45.535,3.869,30,0,0.759,0,0,0,0.001, ,0,0,0,0,0, ,888.1,395.5,392.3,-123.9,58,-97.2,25,794.466,161.508,459.119,-56.4305,-31.8965,-85.1866,
2026_07_06_17_07_45.580,3.869,29.9,0,0.76,0,0,0,0, ,0,0,0,0,0, ,772.8,425.1,410.1,-116.2,85.5,-108.7,25,796.659,176.669,455.589,-60.3073,-25.5805,-86.2691,
2026_07_06_17_07_45.581,3.869,30,0,0.758,0,0,0,0.001, ,0,0,0,0,0, ,619.5,465.9,392.8,-93.4,79,-137.2,25,790.534,193.051,452.29,-63.0186,-19.0096,-88.5043,
2026_07_06_17_07_45.617,3.869,30,0,0.761,0,0,0,0, ,0,0,0,0,0, ,621.8,529.4,499,-93.7,49.6,-141.4,25,780.182,211.613,451.901,-64.8791,-13.9329,-91.5997,
2026_07_06_17_07_45.617,3.869,30,0,0.759,0,0,0,0, ,0,0,0,0,0, ,722.6,576,630.9,-126.9,34.8,-125.3,25,773.602,232.398,458.79,-67.6469,-10.5123,-94.1438,
2026_07_06_17_07_45.655,3.869,30,0,0.759,0,0,0,0, ,0,0,0,0,0, ,816.4,554.8,678.7,-176.3,52.7,-116.8,25,773.352,252.69,470.734,-72.7628,-7.20572,-95.7834,
2026_07_06_17_07_45.655,3.869,29.9,0,0.758,0,0,0,0, ,0,0,0,0,0, ,758.4,523.3,655.6,-209.1,88.1,-116.7,25,774.208,270.14,482.703,-80.0715,-2.47662,-97.0611,
2026_07_06_17_07_45.691,3.869,30,0,0.759,0,0,0,0.001, ,0,0,0,0,0, ,656.6,465.3,656,-172.4,108.1,-121.9,25,770.143,283.8,493.251,-86.816,3.65227,-98.4163,
2026_07_06_17_07_45.691,3.869,29.9,0,0.759,0,0,0,0, ,0,0,0,0,0, ,695.3,424.1,744.1,-169.2,93.5,-110.6,25,764.403,293.605,505.853,-91.9337,9.57221,-99.503,
2026_07_06_17_07_45.731,3.869,29.9,0,0.759,0,0,0,0.001, ,0,0,0,0,0, ,714.2,447.6,832.6,-177.3,82.7,-87,25,760.768,302.273,523.068,-96.8889,14.3575,-99.4602,
2026_07_06_17_07_45.731,3.869,30,0,0.759,0,0,0,0.001, ,0,0,0,0,0, ,708.6,390,799.4,-191.6,89.2,-73.1,25,757.759,309.374,540.918,-102.225,18.7202,-98.2774,
2026_07_06_17_07_45.768,3.869,29.9,0,0.758,0,0,0,0, ,0,0,0,0,0, ,683.5,293.9,797.1,-190.6,87.7,-50.2,25,753.999,311.359,556.599,-107.641,22.9693,-96.0454,
2026_07_06_17_07_45.773,3.869,30,0,0.759,0,0,0,0.001, ,0,0,0,0,0, ,671,230.1,730.4,-181.6,74.1,-14.8,25,749.322,308.351,569.223,-112.422,26.4995,-92.1731,
2026_07_06_17_07_45.812,3.869,30,0,0.759,0,0,0,0, ,0,0,0,0,0, ,629.2,164.5,695.3,-161.4,46.9,18.4,25,743.276,301.584,577.975,-116.022,28.5714,-86.4466,
2026_07_06_17_07_45.812,3.869,30,0,0.758,0,0,0,0, ,0,0,0,0,0, ,638.6,81.7,746.2,-137.4,19.5,51.7,25,736.611,290.707,586.675,-118.056,28.8534,-79.0429,
2026_07_06_17_07_45.849,3.869,30,0,0.759,0,0,0,0, ,0,0,0,0,0, ,607.5,72,806.8,-119.8,6.6,81.8,25,729.691,277.675,598.243,-118.698,27.8904,-70.1586,
2026_07_06_17_07_45.850,3.869,30,0,0.76,0,0,0,0, ,0,0,0,0,0, ,602.4,48.7,806.7,-103,15,85.1,25,722.089,264.432,610.949,-118.254,26.849,-60.7981,
2026_07_06_17_07_45.887,3.869,29.9,0,0.758,0,0,0,0, ,0,0,0,0,0, ,518.7,71.4,831.2,-84.9,41.3,90.1,25,712.245,251.978,623.624,-116.773,26.9282,-51.7551,
2026_07_06_17_07_45.892,3.869,29.9,0,0.759,0,0,0,0.001, ,0,0,0,0,0, ,473.9,52,849.4,-71.9,48,88.8,25,699.086,240.383,636.827,-114.434,28.0082,-43.1504,
2026_07_06_17_07_45.930,3.869,30,0,0.758,0,0,0,0.001, ,0,0,0,0,0, ,429.5,18.1,942.3,-75.9,27.5,101.5,25,684.011,227.87,652.612,-111.964,28.6018,-34.7227,
2026_07_06_17_07_45.930,3.869,29.9,0,0.76,0,0,0,0, ,0,0,0,0,0, ,430.1,-61,957.6,-79.4,-0.1,118.6,25,668.52,212.677,670.731,-109.873,27.6937,-25.9007,
2026_07_06_17_07_45.967,3.869,29.9,0,0.759,0,0,0,0.001, ,0,0,0,0,0, ,416.6,-80.5,880,-76,-6.6,136.5,25,653.58,195.406,685.847,-107.913,25.802,-16.5498,
2026_07_06_17_07_45.967,3.869,29.9,0,0.759,0,0,0,0.001, ,0,0,0,0,0, ,387,-117.9,852.7,-66.8,8,131.7,25,638.237,177.453,696.847,-105.688,24.2724,-7.36954,
2026_07_06_17_07_46.004,3.869,29.9,0,0.759,0,0,0,0.001, ,0,0,0,0,0, ,440.3,-214.2,878.5,-47.8,13.6,126,25,624.551,156.521,707.13,-102.739,23.4514,0.931337,
2026_07_06_17_07_46.009,3.869,29.9,0,0.759,0,0,0,0.001, ,0,0,0,0,0, ,460.9,-264.7,851.6,-36.7,-1.2,142.1,25,613.951,132.392,716.753,-99.0529,22.4001,9.04325,
2026_07_06_17_07_46.046,3.869,30,0,0.758,0,0,0,0.001, ,0,0,0,0,0, ,423.8,-273,770.2,-14.7,-24.9,164.8,25,603.494,107.941,722.49,-94.583,20.2399,17.843,
2026_07_06_17_07_46.046,3.869,30,0,0.758,0,0,0,0, ,0,0,0,0,0, ,395.2,-254.2,764.8,9.8,-32.1,173.5,25,591.673,85.3002,725.233,-88.9686,17.2698,27.0633,
2026_07_06_17_07_46.086,3.869,30,0,0.758,0,0,0,0, ,0,0,0,0,0, ,397.4,-259.7,813.2,20.5,-28.4,174.9,25,579.767,64.4443,729.119,-82.6239,14.3741,36.0294,
2026_07_06_17_07_46.086,3.869,30,0,0.758,0,0,0,0, ,0,0,0,0,0, ,451.6,-283.5,817.7,37.4,-22.6,176.8,25,570.306,43.9666,734.38,-75.8249,11.9442,44.5498,
2026_07_06_17_07_46.124,3.869,29.9,0,0.759,0,0,0,0, ,0,0,0,0,0, ,417.7,-274,748.6,54.4,-37.2,194.6,25,562.039,24.3011,737.352,-68.4073,9.39435,53.1511,
2026_07_06_17_07_46.130,3.869,30,0,0.759,0,0,0,0.001, ,0,0,0,0,0, ,265.7,-184.3,755.1,73.7,-81.2,205.3,25,548.612,8.85638,738.235,-60.3357,5.21438,62.0967,
2026_07_06_17_07_46.167,3.869,29.9,0,0.758,0,0,0,0, ,0,0,0,0,0, ,239.3,-142.2,806.5,84.7,-136.4,201.3,25,530.568,-1.63135,740.829,-51.8327,-1.73337,70.7012,
2026_07_06_17_07_46.168,3.869,29.9,0,0.758,0,0,0,0.001, ,0,0,0,0,0, ,323.1,-116.2,833.9,90.3,-160.8,183.4,25,515.372,-9.40506,745.666,-43.3421,-10.6831,78.1142,
2026_07_06_17_07_46.205,3.869,29.9,0,0.759,0,0,0,0.001, ,0,0,0,0,0, ,410.7,-116.6,891.2,103.5,-172.7,168.5,25,506.325,-15.9251,752.788,-34.7961,-20.1934,84.0761,
2026_07_06_17_07_46.205,3.869,29.9,0,0.758,0,0,0,0.001, ,0,0,0,0,0, ,323.3,-113.7,868.1,96,-196,153.4,25,497.834,-21.9716,760.519,-26.5972,-30.1967,88.7606,
2026_07_06_17_07_46.245,3.869,29.9,0,0.758,0,0,0,0.001, ,0,0,0,0,0, ,250.6,-73.2,821.6,85,-247.6,118.5,25,484.984,-26.3273,765.658,-19.4616,-41.8725,91.6362,
2026_07_06_17_07_46.245,3.869,30,0,0.758,0,0,0,0.001, ,0,0,0,0,0, ,382.8,-112.9,783.4,81.9,-250.1,80.2,25,474.729,-30.3932,767.903,-13.1904,-54.4852,92.1062,
2026_07_06_17_07_46.282,3.869,29.9,0,0.758,0,0,0,0.001, ,0,0,0,0,0, ,567.6,-154.5,703.2,70.9,-250.1,63.1,25,474.758,-36.6885,766.404,-7.73101,-66.4055,90.8597,
2026_07_06_17_07_46.287,3.876,29.9,0,0.759,4.189,5.519,5.61,0.243, ,0,0,0,0,0, ,757.9,-205.5,703.4,58.8,-250.1,63.2,25,486.213,-45.4215,762.558,-3.3081,-77.5994,89.1711,
2026_07_06_17_07_46.328,3.874,29.9,0,0.76,3.888,5.115,4.95,0.249, ,0,0,0,0,0, ,823.4,-233.5,657.4,37.8,-250.1,66.8,25,504.765,-56.0294,757.552,-0.163235,-88.1111,87.6982,
2026_07_06_17_07_46.328,3.876,30,0,0.761,3.886,5.106,4.94,0.249, ,0,0,0,0,0, ,829.2,-243.2,629.1,40,-250.1,50.1,25,524.359,-67.1396,750.587,2.21718,-97.9823,85.9159,
2026_07_06_17_07_46.366,3.874,30,0,0.76,3.883,5.109,4.99,0.252, ,0,0,0,0,0, ,904,-286.3,591.3,37.8,-205.9,31.7,25,545.214,-79.1815,742.032,4.45254,-105.905,83.1727,
2026_07_06_17_07_46.367,3.873,30.2,0,0.76,3.884,5.11,5.06,0.255, ,0,0,0,0,0, ,883.7,-266.1,542.9,35.5,-128.1,16.1,25,566.459,-91.1873,731.372,6.41457,-109.628,79.5608,
2026_07_06_17_07_46.406,3.874,30.2,0,0.76,3.883,5.109,5.07,0.256, ,0,0,0,0,0, ,839.4,-263,494.7,48.3,-79.5,3.4,25,584.441,-101.752,718.418,8.57697,-109.273,75.3067,
2026_07_06_17_07_46.406,3.873,30.3,0,0.763,3.891,5.099,5.13,0.259, ,0,0,0,0,0, ,790.4,-249.3,427.2,35.9,-77.8,-6.3,25,598.485,-111.16,702.729,10.6198,-107.407,70.6293,
2026_07_06_17_07_46.445,3.874,30.3,0,0.761,3.877,5.094,5.15,0.261, ,0,0,0,0,0, ,826.6,-248.5,355.4,27.3,-95.4,-8.5,25,611.282,-119.554,683.751,11.8983,-106.139,65.8744,
2026_07_06_17_07_46.445,3.873,30.4,0,0.763,3.888,5.095,5.23,0.264, ,0,0,0,0,0, ,889,-258,313.7,21.2,-101.8,-8.1,25,626.305,-127.701,662.472,12.6509,-105.68,61.3544,
2026_07_06_17_07_46.484,3.875,30.5,0,0.762,3.88,5.091,5.25,0.266, ,0,0,0,0,0, ,898.9,-235.2,260.7,20.7,-89.4,-17.9,25,642.614,-134.946,639.604,13.1567,-105.065,56.8235,
2026_07_06_17_07_46.485,3.874,30.7,0,0.762,3.884,5.097,5.3,0.268, ,0,0,0,0,0, ,897.3,-221.9,230.5,17.4,-70.2,-34.2,25,658.183,-140.65,615.594,13.5158,-103.526,51.7734,
2026_07_06_17_07_46.524,3.875,30.8,0,0.763,3.885,5.091,5.34,0.27, ,0,0,0,0,0, ,886.8,-219.3,207.3,13.3,-64.2,-40.2,25,672.434,-145.522,591.42,13.6276,-101.312,46.3515,
2026_07_06_17_07_46.524,3.874,31,0,0.762,3.881,5.093,5.37,0.272, ,0,0,0,0,0, ,886.8,-191.4,208.8,7.9,-58.1,-48.7,25,685.497,-149.168,568.059,13.4431,-98.8648,40.8183,
2026_07_06_17_07_46.562,3.873,31,0,0.763,3.885,5.091,5.4,0.273, ,0,0,0,0,0, ,838.8,-136.8,190.7,20.9,-46.7,-73.5,25,696.301,-150.078,545.615,13.5014,-96.0334,34.6077,
2026_07_06_17_07_46.562,3.874,31.2,0,0.762,3.879,5.09,5.44,0.276, ,0,0,0,0,0, ,756.3,-51.7,168.3,39.5,-38.3,-118.8,25,702.471,-146.676,523.305,14.519,-92.7712,26.6396,
2026_07_06_17_07_46.602,3.872,31.3,0,0.764,3.888,5.089,5.48,0.277, ,0,0,0,0,0, ,848.8,13.4,218.6,29.9,-22.5,-159.1,25,708.57,-138.905,503.204,15.7487,-88.9704,16.549,
2026_07_06_17_07_46.602,3.874,31.4,0,0.763,3.878,5.082,5.49,0.279, ,0,0,0,0,0, ,887.2,46.8,304.4,-9.4,-2.7,-176.6,25,718.285,-128.606,488.475,15.4137,-84.3166,5.3122,
2026_07_06_17_07_46.642,3.872,31.5,0,0.766,3.89,5.078,5.55,0.281, ,0,0,0,0,0, ,823.3,229.2,386.1,-41.8,23.3,-196.5,25,726.631,-112.36,479.748,12.9144,-78.5509,-6.3794,
2026_07_06_17_07_46.642,3.874,31.6,0,0.764,3.875,5.071,5.56,0.283, ,0,0,0,0,0, ,916,390.7,414.4,-67.4,75.8,-240.5,25,735.347,-86.6252,474.903,8.80023,-70.7448,-19.3055,
2026_07_06_17_07_46.681,3.873,31.7,0,0.763,3.88,5.085,5.62,0.285, ,0,0,0,0,0, ,1173.7,403.8,427.1,-72.4,155.4,-250.1,25,754.207,-57.1391,471.603,4.00444,-59.3894,-33.077,
2026_07_06_17_07_46.681,3.872,31.8,0,0.763,3.882,5.087,5.68,0.288, ,0,0,0,0,0, ,1203.3,359.9,463,-91.6,215.6,-250.1,25,780.672,-30.3882,469.985,-1.23646,-44.4664,-46.3019,
2026_07_06_17_07_46.720,3.873,32.1,0,0.765,3.885,5.078,5.72,0.29, ,0,0,0,0,0, ,1060.3,385.2,567.6,-153.6,225.1,-250.1,25,802.069,-5.83414,472.747,-8.63205,-28.3292,-58.7208,
2026_07_06_17_07_46.720,3.872,32.1,0,0.766,3.884,5.07,5.71,0.29, ,0,0,0,0,0, ,903.3,425.5,645.8,-225.7,199.4,-227.1,25,813.021,19.2224,480.909,-19.6628,-13.6689,-69.6822,
2026_07_06_17_07_46.759,3.874,32.3,0,0.766,3.88,5.065,5.75,0.293, ,0,0,0,0,0, ,820.6,479.2,692.6,-250.1,188.9,-209,25,816.003,45.6161,492.383,-32.9617,-1.00493,-78.7234,
2026_07_06_17_07_46.759,3.873,32.5,0,0.766,3.882,5.067,5.78,0.294, ,0,0,0,0,0, ,712.1,470.8,801.6,-232.7,206.8,-202.7,25,812.977,71.7817,507.905,-45.6634,11.1128,-86.4701,
2026_07_06_17_07_46.798,3.872,32.7,0,0.766,3.881,5.066,5.8,0.295, ,0,0,0,0,0, ,679.5,495.7,939.3,-200.1,199.3,-200.4,25,805.836,96.8555,529.998,-56.0676,22.809,-93.4828,
2026_07_06_17_07_46.798,3.874,32.8,0,0.765,3.878,5.069,5.81,0.296, ,0,0,0,0,0, ,702.1,475.5,964.7,-228,192.2,-187.9,25,798.826,120.545,555.713,-65.6947,33.3476,-99.6172,
2026_07_06_17_07_46.838,3.872,33,0,0.766,3.885,5.071,5.87,0.298, ,0,0,0,0,0, ,711.5,425.1,954.4,-247.9,177.4,-164.2,25,793.219,140.639,580.322,-76.1915,42.5767,-104.275,
2026_07_06_17_07_46.838,3.874,33.1,0,0.766,3.88,5.065,5.87,0.299, ,0,0,0,0,0, ,736.2,317.8,967.7,-250.1,143.4,-113.3,25,788.991,154.704,603.523,-86.722,49.7565,-106.376,
2026_07_06_17_07_46.880,3.872,33.2,0,0.767,3.885,5.065,5.92,0.301, ,0,0,0,0,0, ,714.8,217,952.1,-250.1,113.6,-50.9,25,785.122,161.572,625.24,-96.6779,54.555,-104.896,
2026_07_06_17_07_46.880,3.872,33.4,0,0.765,3.875,5.065,5.94,0.303, ,0,0,0,0,0, ,739.6,75.4,870.8,-250.1,110.7,-0.2,25,781.593,160.635,642.681,-106.027,58.0647,-100.061,
2026_07_06_17_07_46.919,3.873,33.5,0,0.766,3.882,5.067,5.98,0.304, ,0,0,0,0,0, ,787.3,-78,772.9,-250.1,101.8,52.6,25,780.487,150.767,653.599,-114.806,61.001,-92.3672,
2026_07_06_17_07_46.919,3.871,33.7,0,0.767,3.884,5.063,6.01,0.306, ,0,0,0,0,0, ,679.9,-185.1,760.7,-228.3,58.5,117.6,25,777.63,133.563,660.497,-122.387,62.1679,-81.5528,
2026_07_06_17_07_46.960,3.874,34,0,0.766,3.876,5.06,6.02,0.307, ,0,0,0,0,0, ,652.4,-287.8,758.1,-194.2,24.5,184.5,25,770.837,111.016,666.524,-127.802,60.9084,-67.3785,
2026_07_06_17_07_46.960,3.872,34.2,0,0.766,3.882,5.067,6.03,0.307, ,0,0,0,0,0, ,589.7,-315.5,698.7,-142.3,12.6,236.3,25,761.709,85.8688,670.294,-130.267,58.3272,-50.4514,
2026_07_06_17_07_47.000,3.874,34.4,0,0.767,3.882,5.061,6.05,0.308, ,0,0,0,0,0, ,588.8,-322.5,643.3,-97.4,22.3,250.1,25,751.2,61.1971,670.337,-129.632,55.8362,-32.557,
2026_07_06_17_07_47.000,3.872,34.5,0,0.767,3.882,5.061,6.07,0.309, ,0,0,0,0,0, ,581.1,-301.2,663,-27.4,28.7,250.1,25,741.069,38.4645,669.29,-125.535,53.9876,-15.3326,
2026_07_06_17_07_47.041,3.874,34.7,0,0.767,3.88,5.058,6.1,0.311, ,0,0,0,0,0, ,614.5,-178.8,828.3,35.6,35.5,250.1,25,732.339,21.4956,673.943,-117.635,52.6539,0.842184,
2026_07_06_17_07_47.041,3.872,34.9,0,0.766,3.879,5.063,6.12,0.312, ,0,0,0,0,0, ,529.2,-12,782.5,51.7,28.8,250.1,25,722.559,14.3723,681.954,-107.807,51.4044,16.0313,
2026_07_06_17_07_47.080,3.871,35,0,0.767,3.882,5.061,6.14,0.313, ,0,0,0,0,0, ,426.7,145.7,587.8,86.7,35.6,250.1,25,707.653,17.5701,682.149,-97.0206,50.2341,30.2949,
2026_07_06_17_07_47.081,3.873,35.1,0,0.769,3.884,5.05,6.15,0.314, ,0,0,0,0,0, ,431.1,294.7,704.3,106,-25.3,250.1,25,690.666,29.9179,679.949,-85.2371,47.4868,43.6893,
2026_07_06_17_07_47.122,3.871,35.2,0,0.769,3.881,5.046,6.18,0.316, ,0,0,0,0,0, ,262.4,469.2,807.8,119.9,-121.9,250.1,25,669.709,51.3698,684.586,-73.1601,40.1081,56.2674,
2026_07_06_17_07_47.123,3.873,35.6,0,0.77,3.881,5.04,6.22,0.318, ,0,0,0,0,0, ,3.7,464.1,837.2,152,-113.6,250.1,25,637.006,76.676,692.99,-60.4174,30.4886,68.0791,
2026_07_06_17_07_47.163,3.871,35.8,0,0.769,3.878,5.042,6.19,0.317, ,0,0,0,0,0, ,-353.7,494.8,1038.4,162.7,-95.3,250.1,25,587.525,101.22,707.908,-47.1472,22.2658,79.171,
2026_07_06_17_07_47.163,3.87,35.8,0,0.77,3.881,5.04,6.22,0.318, ,0,0,0,0,0, ,-491.5,398.4,1261.7,130,-137.7,250.1,25,525.97,122.267,734.851,-35.356,13.8098,89.587,
2026_07_06_17_07_47.201,3.872,36.1,0,0.769,3.875,5.039,6.24,0.32, ,0,0,0,0,0, ,-223.3,288.4,1426.2,33.5,-250.1,240.8,25,472.14,135.742,771.968,-28.2198,1.15244,99.0849,
2026_07_06_17_07_47.201,3.871,36.3,0,0.77,3.882,5.041,6.26,0.32, ,0,0,0,0,0, ,46.8,130.6,1548,-80.1,-250.1,250.1,25,437.991,140.237,815.547,-27.92,-14.1583,108.004,
2026_07_06_17_07_47.242,3.872,36.4,0,0.77,3.879,5.037,6.27,0.321, ,0,0,0,0,0, ,-37.4,-113.7,1683.2,-179.5,-250.1,243.7,25,411.587,132.206,864.3,-34.1283,-28.536,116.468,
2026_07_06_17_07_47.242,3.87,36.6,0,0.77,3.879,5.037,6.29,0.322, ,0,0,0,0,0, ,-238.5,-106.5,1258.6,-240.8,-250.1,160.5,25,378.1,117.44,901.265,-44.8547,-42.0375,121.686,
2026_07_06_17_07_47.282,3.872,36.8,0,0.771,3.88,5.032,6.3,0.323, ,0,0,0,0,0, ,180.7,-173.8,909.3,-223.1,-250.1,127.6,25,353.298,101.743,912.397,-56.2558,-54.7163,123.049,
2026_07_06_17_07_47.283,3.871,37,0,0.771,3.88,5.032,6.32,0.324, ,0,0,0,0,0, ,378.4,-319.8,812.5,-237,-250.1,129.2,25,348.804,80.504,909.259,-66.8464,-66.6225,123.375,
2026_07_06_17_07_47.325,3.873,37.2,0,0.771,3.878,5.029,6.33,0.325, ,0,0,0,0,0, ,402.2,-414.3,786.8,-232.7,-250.1,98.8,25,351.333,53.2312,902.58,-77.0841,-77.8032,122.804,
2026_07_06_17_07_47.325,3.872,37.4,0,0.771,3.881,5.033,6.34,0.325, ,0,0,0,0,0, ,244.2,-380.9,713.2,-184.7,-250.1,7.4,25,349.619,25.7587,893.282,-85.1044,-88.3025,118.556,
2026_07_06_17_07_47.365,3.87,37.7,0,0.771,3.88,5.032,6.36,0.326, ,0,0,0,0,0, ,158,-285.1,677,-161.2,-250.1,-110.7,25,340.568,3.89683,881.205,-90.4575,-98.162,108.184,
2026_07_06_17_07_47.365,3.872,37.8,0,0.77,3.875,5.032,6.35,0.326, ,0,0,0,0,0, ,385.1,-137.2,560.1,-180.2,-250.1,-201.3,25,336.363,-9.20758,865.2,-95.3473,-107.421,92.0855,
2026_07_06_17_07_47.404,3.87,38,0,0.771,3.882,5.035,6.39,0.327, ,0,0,0,0,0, ,724.1,-93.6,121.7,-174.1,-243.7,-250.1,25,349.661,-15.6787,833.25,-100.332,-115.92,72.7205,
2026_07_06_17_07_47.404,3.872,38.2,0,0.77,3.875,5.032,6.39,0.328, ,0,0,0,0,0, ,655.3,160.4,-205.5,-190.7,-225.7,-250.1,25,370.382,-12.6879,779.921,-105.333,-123.158,53.0486,
2026_07_06_17_07_47.444,3.87,38.4,0,0.772,3.884,5.031,6.4,0.328, ,0,0,0,0,0, ,781,245.8,-312.7,-154.4,-230.6,-250.1,25,391.575,0.461627,716.605,-109.429,-129.556,34.5755,
2026_07_06_17_07_47.444,3.871,38.6,0,0.772,3.877,5.022,6.4,0.329, ,0,0,0,0,0, ,825.9,309.3,-388.7,-117.6,-223.8,-250.1,25,416.673,17.3467,651.566,-111.048,-135.506,17.2281,
2026_07_06_17_07_47.486,3.87,38.9,0,0.772,3.878,5.023,6.42,0.33, ,0,0,0,0,0, ,957.8,298,-325.6,-116.5,-171.2,-250.1,25,445.629,34.7933,590.098,-111.414,-139.284,0.937766,
2026_07_06_17_07_47.486,3.871,39.1,0,0.773,3.88,5.019,6.4,0.329, ,0,0,0,0,0, ,1198.2,268,-175.9,-113.6,-80.2,-250.1,25,484.164,49.9184,538.859,-111.636,-138.456,-14.3598,
2026_07_06_17_07_47.527,3.87,39.3,0,0.773,3.878,5.016,6.42,0.33, ,0,0,0,0,0, ,1456.1,242.4,-115.4,-136,28.2,-222.8,25,535.534,62.4277,497.146,-112.438,-131.604,-27.8935,
2026_07_06_17_07_47.528,3.871,39.5,0,0.774,3.88,5.012,6.41,0.33, ,0,0,0,0,0, ,1516.4,245.3,-37.8,-138.1,144.5,-202.1,25,593.468,73.4832,462.184,-113.938,-118.322,-39.1399,
2026_07_06_17_07_47.569,3.87,39.7,0,0.772,3.873,5.016,6.43,0.331, ,0,0,0,0,0, ,1399.4,357.6,66.6,-179.7,206.5,-179.6,25,646.144,87.3749,434.897,-116.678,-100.417,-48.3847,
2026_07_06_17_07_47.570,3.869,39.8,0,0.774,3.882,5.015,6.44,0.331, ,0,0,0,0,0, ,1299.4,486.3,175.7,-250.1,225.7,-149.3,25,688.999,107.763,415.778,-122.663,-81.1295,-55.4574,
2026_07_06_17_07_47.570,3.871,40,0,0.774,3.876,5.007,6.44,0.332, ,0,0,0,0,0, ,1277.7,562.5,278.3,-250.1,244.8,-119.5,25,725.534,133.152,404.274,-130.429,-61.8501,-60.268,
2026_07_06_17_07_47.611,3.87,40.2,0,0.774,3.878,5.01,6.47,0.333, ,0,0,0,0,0, ,1193.9,646.1,272.4,-250.1,250.1,-110.3,25,756.628,161.862,396.418,-137.721,-43.0022,-63.5971,
2026_07_06_17_07_47.611,3.869,40.5,0,0.774,3.877,5.009,6.46,0.333, ,0,0,0,0,0, ,1237.7,599.6,300.6,-250.1,250.1,-92.6,25,784.609,189.954,389.72,-144.569,-25.1413,-65.9038,
2026_07_06_17_07_47.650,3.87,40.7,0,0.774,3.876,5.007,6.46,0.333, ,0,0,0,0,0, ,1312.9,473.7,424.3,-250.1,250.1,-53.4,25,814.511,211.081,388.058,-151,-8.36875,-66.3362,
2026_07_06_17_07_47.650,3.872,41,0,0.774,3.877,5.009,6.46,0.333, ,0,0,0,0,0, ,1239.5,405.7,585,-250.1,240.1,37.7,25,842.645,225.012,395.163,-157.039,7.077,-62.7722,
2026_07_06_17_07_47.693,3.87,41.2,0,0.773,3.877,5.015,6.45,0.332, ,0,0,0,0,0, ,1154.4,401.8,489.8,-250.1,231.6,90.6,25,864.235,235.904,403.83,-162.71,21.0179,-55.0379,
2026_07_06_17_07_47.694,3.869,41.4,0,0.775,3.882,5.009,6.47,0.333, ,0,0,0,0,0, ,1050.5,350.2,433.1,-250.1,235.7,116,25,878.752,244.441,407.342,-168.035,33.9751,-45.3892,
2026_07_06_17_07_47.733,3.87,41.5,0,0.775,3.876,5.001,6.45,0.333, ,0,0,0,0,0, ,1014.8,148.4,436.6,-250.1,222.6,138.5,25,888.13,244.737,409.018,-173.036,45.8686,-34.869,
2026_07_06_17_07_47.733,3.869,41.7,0,0.775,3.877,5.002,6.47,0.334, ,0,0,0,0,0, ,907.9,-52.4,434,-250.1,209.1,177.4,25,892.592,232.749,410.62,-177.732,56.2268,-23.1191,
2026_07_06_17_07_47.774,3.871,41.9,0,0.776,3.879,4.998,6.47,0.334, ,0,0,0,0,0, ,755.6,-190.5,368.1,-226.4,210,219.3,25,888.884,211.165,410.036,-181.42,65.57,-9.62331,
2026_07_06_17_07_47.774,3.87,42.3,0,0.774,3.873,5.003,6.47,0.334, ,0,0,0,0,0, ,623.9,-272.9,317.9,-158.8,207.1,232.8,25,876.749,184.177,405.951,-182.101,74.2828,4.73803,
2026_07_06_17_07_47.814,3.869,42.5,0,0.776,3.882,5.002,6.46,0.333, ,0,0,0,0,0, ,576.7,-422.3,305.6,-88.1,175.6,250.1,25,859.903,151.772,400.211,-178.527,81.4166,19.1627,
2026_07_06_17_07_47.814,3.869,42.6,0,0.774,3.871,5.001,6.44,0.333, ,0,0,0,0,0, ,621.4,-469.9,422.1,-25.8,146.2,250.1,25,844.007,115.339,397.995,-171.119,86.2601,33.2354,
2026_07_06_17_07_47.856,3.871,42.9,0,0.774,3.876,5.007,6.48,0.334, ,0,0,0,0,0, ,579.5,-401.1,461.4,6.3,133.9,250.1,25,829.166,81.7727,400.662,-161.285,89.5379,46.4506,
2026_07_06_17_07_47.856,3.87,43.1,0,0.776,3.883,5.003,6.47,0.333, ,0,0,0,0,0, ,436.2,-214.9,365.1,65.3,82.6,250.1,25,809.586,58.0209,401.429,-149.275,90.6782,58.8605,
2026_07_06_17_07_47.898,3.871,43.3,0,0.776,3.877,4.996,6.46,0.334, ,0,0,0,0,0, ,361.5,23.9,534.1,102.5,-2.8,250.1,25,784.556,48.6657,404.364,-135.066,87.5839,70.5141,
2026_07_06_17_07_47.898,3.87,43.5,0,0.776,3.878,4.997,6.47,0.334, ,0,0,0,0,0, ,338.7,225.9,785.2,113.4,-95.7,250.1,25,758.082,53.3113,419.921,-120.257,79.2456,81.4577,
2026_07_06_17_07_47.940,3.869,43.7,0,0.777,3.88,4.993,6.47,0.334, ,0,0,0,0,0, ,247.4,372.3,689.9,177.5,-77.6,250.1,25,729.744,68.289,439.276,-104.066,69.1363,91.7343,
2026_07_06_17_07_47.941,3.871,43.9,0,0.778,3.879,4.985,6.45,0.334, ,0,0,0,0,0, ,77.6,445.4,726.9,208.9,-65,250.1,25,695.177,89.0419,455.676,-85.9512,60.5785,101.385,
2026_07_06_17_07_47.982,3.87,44.2,0,0.777,3.876,4.988,6.45,0.334, ,0,0,0,0,0, ,-117.4,492.6,982.1,214.5,-150.9,250.1,25,651.602,112.196,479.979,-67.813,50.3088,110.447,
2026_07_06_17_07_47.982,3.869,44.4,0,0.779,3.882,4.983,6.44,0.333, ,0,0,0,0,0, ,-418.8,421,1305.9,152.9,-250.1,250.1,25,595.558,133.195,520.443,-52.4865,35.0251,118.957,
2026_07_06_17_07_48.023,3.87,44.5,0,0.777,3.871,4.981,6.42,0.333, ,0,0,0,0,0, ,-283.4,289,1639.7,67,-250.1,218.5,25,537.871,146.711,578.477,-42.588,17.6503,125.986,
2026_07_06_17_07_48.023,3.869,44.8,0,0.778,3.88,4.987,6.46,0.334, ,0,0,0,0,0, ,65.7,109.4,1591.3,-29.6,-250.1,172,25,498.461,149.91,641.671,-38.8533,1.33428,130.207,
2026_07_06_17_07_48.064,3.871,45,0,0.777,3.874,4.985,6.43,0.333, ,0,0,0,0,0, ,224.7,-70,1565.4,-121.5,-250.1,176,25,476.935,141.975,698.75,-41.0895,-13.9875,132.875,
2026_07_06_17_07_48.064,3.87,45.2,0,0.776,3.876,4.994,6.44,0.333, ,0,0,0,0,0, ,72.1,-131.3,1405.7,-173,-250.1,165,25,456.915,127.19,746.695,-47.5586,-28.3756,135.168,
2026_07_06_17_07_48.106,3.869,45.5,0,0.777,3.88,4.993,6.43,0.332, ,0,0,0,0,0, ,112.5,-194.3,1079.9,-240.8,-250.1,136.7,25,434.696,109.519,776.927,-57.2685,-41.8869,136.124,
2026_07_06_17_07_48.113,3.87,45.7,0,0.778,3.879,4.985,6.42,0.332, ,0,0,0,0,0, ,269,-234.8,891.1,-250.1,-250.1,129.5,25,419.83,89.7709,789.637,-68.7358,-54.5749,135.939,
2026_07_06_17_07_48.113,3.869,45.9,0,0.778,3.877,4.983,6.39,0.331, ,0,0,0,0,0, ,334.4,-217.7,828,-242.7,-250.1,91.4,25,412.632,70.5134,793.897,-79.5622,-66.4897,134.386,
2026_07_06_17_07_48.155,3.87,46.1,0,0.778,3.877,4.983,6.39,0.331, ,0,0,0,0,0, ,603.1,-324,646.9,-211.9,-250.1,41.1,25,416.052,49.7116,790.457,-88.565,-77.6785,130.234,
2026_07_06_17_07_48.155,3.868,46.4,0,0.778,3.877,4.983,6.39,0.331, ,0,0,0,0,0, ,596.6,-328.1,503.6,-177.2,-250.1,-13.5,25,427.252,26.8136,777.343,-95.0234,-88.1854,123.139,
2026_07_06_17_07_48.195,3.87,46.6,0,0.778,3.875,4.98,6.36,0.33, ,0,0,0,0,0, ,593.7,-312.1,554.3,-194.8,-250.1,-74.3,25,437.483,5.67354,762.207,-100.567,-98.0521,112.96,
2026_07_06_17_07_48.195,3.868,46.9,0,0.778,3.877,4.983,6.37,0.33, ,0,0,0,0,0, ,562.3,-215.2,437.7,-214.8,-250.1,-125.2,25,446.046,-10.7384,745.985,-106.919,-107.317,99.998,
2026_07_06_17_07_48.237,3.87,46.9,0,0.778,3.875,4.98,6.34,0.329, ,0,0,0,0,0, ,561.8,-85.3,127.9,-222.4,-250.1,-176.6,25,453.115,-19.2399,717.759,-113.725,-116.018,84.7089,
2026_07_06_17_07_48.237,3.869,47.2,0,0.779,3.88,4.98,6.37,0.33, ,0,0,0,0,0, ,577.5,45.8,-194,-190.1,-250.1,-227.2,25,460.216,-19.2709,672.007,-119.363,-124.189,67.2436,
2026_07_06_17_07_48.279,3.87,47.4,0,0.778,3.874,4.979,6.34,0.329, ,0,0,0,0,0, ,597.7,154.4,-406.6,-156,-250.1,-250.1,25,467.979,-11.9968,612.757,-122.634,-131.862,48.6032,
2026_07_06_17_07_48.279,3.869,47.7,0,0.779,3.88,4.98,6.33,0.328, ,0,0,0,0,0, ,586.9,304.9,-473.1,-130,-250.1,-250.1,25,475.554,2.72858,548.614,-123.875,-139.067,30.401,
2026_07_06_17_07_48.322,3.871,47.9,0,0.781,3.881,4.969,6.3,0.327, ,0,0,0,0,0, ,947.5,409.9,-481,-110.9,-195.9,-250.1,25,493.327,24.3414,486.112,-123.667,-144.181,13.308,
2026_07_06_17_07_48.322,3.869,48.1,0,0.778,3.871,4.975,6.29,0.327, ,0,0,0,0,0, ,1515.6,151.4,-408.8,-73.8,-58.4,-247.6,25,538.312,39.9602,429.379,-121.758,-143.144,-2.66726,
2026_07_06_17_07_48.322,3.868,48.3,0,0.78,3.882,4.976,6.29,0.326, ,0,0,0,0,0, ,1657.1,46.5,-259.5,-64.8,91.7,-192.8,25,602.177,43.5549,382.851,-118.562,-133.406,-15.9232,
2026_07_06_17_07_48.363,3.87,48.5,0,0.779,3.873,4.971,6.27,0.326, ,0,0,0,0,0, ,1396.8,233.3,-104.6,-69.6,205.8,-196.8,25,658.53,49.4259,348.428,-115.432,-116.212,-26.8235,
2026_07_06_17_07_48.363,3.868,48.6,0,0.779,3.877,4.976,6.29,0.326, ,0,0,0,0,0, ,1234.7,355.3,-28.3,-106.1,248.7,-191.8,25,698.58,64.3479,323.146,-113.751,-95.2826,-37.0291,
2026_07_06_17_07_48.406,3.869,48.9,0,0.779,3.876,4.975,6.28,0.326, ,0,0,0,0,0, ,1173,493.8,86.5,-214.3,231.4,-163.8,25,729.369,86.2977,305.228,-116.582,-74.8482,-45.6073,
2026_07_06_17_07_48.406,3.869,49.1,0,0.781,3.882,4.97,6.27,0.325, ,0,0,0,0,0, ,1173.9,575,125,-250.1,216.1,-142.5,25,756.431,113.604,293.072,-123.627,-56.6524,-52.1607,
2026_07_06_17_07_48.449,3.87,49.4,0,0.781,3.876,4.962,6.23,0.324, ,0,0,0,0,0, ,1250.9,597,187,-250.1,222.1,-120.1,25,784.216,142.391,284.719,-131.334,-39.8487,-56.9832,
2026_07_06_17_07_48.449,3.869,49.7,0,0.781,3.878,4.965,6.21,0.323, ,0,0,0,0,0, ,1289.4,521.8,139,-250.1,248.6,-95.2,25,813.828,167.802,277.302,-138.571,-23.0788,-60.0707,
2026_07_06_17_07_48.493,3.871,49.8,0,0.781,3.876,4.962,6.17,0.321, ,0,0,0,0,0, ,1243.4,495.7,41,-250.1,250.1,-69.3,25,841.406,188.579,265.888,-145.368,-6.47769,-61.4223,
2026_07_06_17_07_48.493,3.869,50,0,0.781,3.879,4.966,6.2,0.322, ,0,0,0,0,0, ,1185,429.8,148.5,-250.1,241,-30.3,25,864.124,205.286,255.459,-151.75,8.88025,-60.7141,
2026_07_06_17_07_48.534,3.871,50.2,0,0.781,3.876,4.962,6.17,0.321, ,0,0,0,0,0, ,1108.1,342.8,420,-250.1,202.7,35.7,25,881.334,216.316,257.214,-157.743,21.8581,-56.8498,
2026_07_06_17_07_48.534,3.869,50.3,0,0.78,3.876,4.969,6.16,0.32, ,0,0,0,0,0, ,1106.6,343.1,457.7,-250.1,187.4,71.4,25,895.107,224.033,268.282,-163.371,32.412,-50.1223,
2026_07_06_17_07_48.576,3.868,50.7,0,0.783,3.884,4.96,6.18,0.321, ,0,0,0,0,0, ,1006.3,343.2,447.6,-250.1,186.1,106.6,25,904.939,231.292,279.517,-168.656,41.8169,-41.6445,
2026_07_06_17_07_48.576,3.869,50.9,0,0.781,3.871,4.956,6.1,0.318, ,0,0,0,0,0, ,877.3,308.3,369.7,-230.8,218.4,90.9,25,907.185,237.048,287.386,-173.031,51.5933,-33.0892,
2026_07_06_17_07_48.618,3.868,51.1,0,0.782,3.879,4.96,6.11,0.318, ,0,0,0,0,0, ,811.4,161.7,433.4,-197.3,224.5,75,25,903.356,236.923,294.343,-175.531,61.944,-26.0181,
2026_07_06_17_07_48.618,3.871,51.2,0,0.781,3.873,4.959,6.08,0.317, ,0,0,0,0,0, ,796.8,-49,492,-169.6,201.2,97.5,25,897.307,225.919,304.602,-176.013,71.1398,-19.1767,
2026_07_06_17_07_48.662,3.869,51.5,0,0.781,3.879,4.966,6.1,0.317, ,0,0,0,0,0, ,654,-84.7,549,-146.8,165.2,135.6,25,886.832,208.079,317.759,-174.928,77.9685,-10.9059,
2026_07_06_17_07_48.662,3.869,51.7,0,0.782,3.879,4.96,6.06,0.315, ,0,0,0,0,0, ,557.6,-88,596.9,-134.5,113.3,166.1,25,869.706,190.137,333.309,-172.839,81.7028,-1.0489,
2026_07_06_17_07_48.662,3.871,51.9,0,0.782,3.877,4.957,6.05,0.315, ,0,0,0,0,0, ,502.4,-176.6,589.8,-115.7,82.8,187.9,25,849.006,170.489,349.156,-169.93,82.699,9.80095,
2026_07_06_17_07_48.706,3.869,52,0,0.782,3.879,4.96,6.04,0.314, ,0,0,0,0,0, ,453.2,-262,546.2,-76.6,94.8,192.9,25,826.385,146.736,362.491,-165.434,83.0708,20.8062,
2026_07_06_17_07_48.706,3.87,52.5,0,0.782,3.877,4.957,6.03,0.314, ,0,0,0,0,0, ,434.6,-264.7,536.7,-9.2,127.3,187.5,25,803.078,121.746,373.397,-157.967,84.7757,31.1286,
2026_07_06_17_07_48.748,3.869,52.5,0,0.782,3.878,4.959,5.98,0.311, ,0,0,0,0,0, ,499.1,-313.1,626.2,30.1,129.8,188.4,25,782.589,96.7225,386.075,-147.704,87.4432,40.6849,
2026_07_06_17_07_48.748,3.869,52.8,0,0.783,3.879,4.954,5.97,0.311, ,0,0,0,0,0, ,472.9,-271.9,757,35.3,73,232.2,25,764.515,73.0042,404.693,-136.711,88.2937,51.0209,
2026_07_06_17_07_48.792,3.871,52.9,0,0.782,3.875,4.955,5.95,0.31, ,0,0,0,0,0, ,416.2,-212,749.1,51.8,15.2,250.1,25,745.017,53.8117,425.921,-125.726,85.6007,62.6069,
2026_07_06_17_07_48.793,3.869,53.1,0,0.783,3.882,4.957,5.96,0.31, ,0,0,0,0,0, ,388.3,-149.6,560.3,99.2,29.3,250.1,25,724.13,39.515,439.862,-113.464,81.7402,74.0322,
2026_07_06_17_07_48.835,3.871,53.3,0,0.783,3.877,4.951,5.93,0.309, ,0,0,0,0,0, ,377.1,-22.4,733.3,137.7,31,250.1,25,703.324,31.8665,452.472,-99.3315,78.5965,84.7613,
2026_07_06_17_07_48.837,3.869,53.7,0,0.782,3.876,4.956,5.91,0.308, ,0,0,0,0,0, ,453.8,58.2,973.5,138.9,-25.4,250.1,25,685.782,31.0154,476.904,-84.8509,73.9776,94.8367,
2026_07_06_17_07_48.837,3.869,53.8,0,0.783,3.88,4.955,5.86,0.305, ,0,0,0,0,0, ,278.3,135.6,832.8,152.5,-11.2,250.1,25,666.298,35.0302,502.878,-70.8017,68.3544,104.298,
2026_07_06_17_07_48.882,3.871,54,0,0.783,3.877,4.951,5.85,0.305, ,0,0,0,0,0, ,52.3,285.5,734.1,156.5,15.1,250.1,25,635.769,45.726,519.976,-57.0724,64.3079,113.183,
2026_07_06_17_07_48.882,3.869,54.3,0,0.784,3.882,4.951,5.84,0.304, ,0,0,0,0,0, ,219.4,247.6,911.2,161.2,-54.4,250.1,25,605.305,59.1824,538.42,-43.9146,59.1917,121.526,
2026_07_06_17_07_48.925,3.87,54.4,0,0.784,3.877,4.945,5.78,0.302, ,0,0,0,0,0, ,91.1,278.3,1079.1,154.8,-83.4,250.1,25,577.88,71.5995,566.252,-31.6104,51.3862,129.361,
2026_07_06_17_07_48.926,3.869,54.7,0,0.783,3.876,4.95,5.79,0.302, ,0,0,0,0,0, ,-325.1,304,1280.6,128.5,-67.4,215.8,25,535.535,84.9784,603.643,-21.0524,43.6601,135.674,
2026_07_06_17_07_48.968,3.87,54.8,0,0.784,3.88,4.948,5.76,0.3, ,0,0,0,0,0, ,-380.4,252,1281,87.9,-78.4,141.1,25,481.406,96.7406,644.907,-13.176,36.5572,138.28,
2026_07_06_17_07_48.968,3.869,55,0,0.783,3.876,4.95,5.75,0.3, ,0,0,0,0,0, ,141.6,165.7,1241.6,46.5,-131.4,127.4,25,444.794,103.572,682.469,-8.27813,27.9372,138.035,
2026_07_06_17_07_49.012,3.871,55.2,0,0.784,3.88,4.948,5.74,0.299, ,0,0,0,0,0, ,-28.9,195.4,1408.3,-0.8,-164.6,135.6,25,421.123,108.263,721.62,-6.38126,17.216,137.637,
2026_07_06_17_07_49.012,3.869,55.5,0,0.784,3.879,4.947,5.71,0.298, ,0,0,0,0,0, ,-38.2,144.8,1495.6,-47.6,-161,112.7,25,393.416,112.031,766.124,-7.46709,6.24629,136.815,
2026_07_06_17_07_49.055,3.868,55.7,0,0.787,3.885,4.936,5.67,0.296, ,0,0,0,0,0, ,58.9,54.5,1261.7,-89.1,-134.5,84,25,370.073,111.277,803.45,-11.1771,-3.13786,134.471,
2026_07_06_17_07_49.055,3.871,55.8,0,0.786,3.874,4.928,5.61,0.294, ,0,0,0,0,0, ,264.1,2.9,1006.1,-107,-160.1,89.9,25,357.363,106.245,823.587,-16.471,-11.9227,131.575,
2026_07_06_17_07_49.056,3.869,56.1,0,0.785,3.877,4.938,5.62,0.294, ,0,0,0,0,0, ,341.1,-26.7,1003.5,-111.1,-193.4,103.7,25,354.026,99.0453,834.63,-22.1125,-21.9669,129.456,
2026_07_06_17_07_49.099,3.871,56.2,0,0.784,3.875,4.942,5.59,0.292, ,0,0,0,0,0, ,313.4,-37.2,1085.6,-121.4,-206.1,102.3,25,352.395,91.0628,847.422,-27.849,-32.8006,127.844,
2026_07_06_17_07_49.099,3.869,56.5,0,0.783,3.877,4.951,5.6,0.292, ,0,0,0,0,0, ,303.2,-80.8,1052.1,-141.1,-203.5,83.4,25,349.708,81.9184,860.915,-34.15,-43.2818,125.711,
2026_07_06_17_07_49.119,3.871,56.5,0,0.786,3.885,4.942,5.56,0.29, ,0,0,0,0,0, ,482.4,-117,857.6,-161.2,-223.2,74.2,25,352.334,70.8997,866.639,-41.2797,-53.6453,122.853,
2026_07_06_17_07_49.132,3.869,56.8,0,0.786,3.879,4.935,5.55,0.29, ,0,0,0,0,0, ,703.7,-227.4,799.8,-156.9,-233.2,90.1,25,367.002,56.0859,864.327,-48.4563,-64.2822,120.372,
2026_07_06_17_07_49.153,3.868,56.9,0,0.785,3.875,4.936,5.5,0.288, ,0,0,0,0,0, ,610.8,-295.7,807.2,-155.6,-222.2,94.5,25,384.689,36.7299,860.62,-55.025,-74.2405,118.662,
2026_07_06_17_07_49.172,3.87,57,0,0.786,3.879,4.935,5.49,0.287, ,0,0,0,0,0, ,420,-329.7,812.8,-176.1,-228.3,77.3,25,392.654,15.4365,857.536,-61.7784,-83.4426,116.665,
2026_07_06_17_07_49.193,3.868,57.5,0,0.784,3.874,4.941,5.49,0.287, ,0,0,0,0,0, ,302.6,-308.7,777.3,-192,-239.9,58.1,25,390.744,-4.95537,853.728,-69.2293,-92.6233,113.681,
2026_07_06_17_07_49.212,3.871,57.6,0,0.786,3.882,4.938,5.42,0.283, ,0,0,0,0,0, ,373.6,-333.3,644.4,-215.6,-250.1,16.8,25,387.536,-24.2143,845.021,-77.4297,-101.909,109.036,
2026_07_06_17_07_49.232,3.869,57.7,0,0.785,3.877,4.938,5.41,0.283, ,0,0,0,0,0, ,604.2,-442.7,441.7,-224.9,-247,-18.6,25,393.713,-46.3825,826.62,-86.1328,-110.845,102.337,
2026_07_06_17_07_49.252,3.868,58,0,0.787,3.883,4.933,5.4,0.282, ,0,0,0,0,0, ,710.4,-380.3,126.7,-193.6,-226,-24.1,25,409.775,-68.6319,793.566,-93.6353,-118.502,94.7997,
2026_07_06_17_07_49.272,3.87,58,0,0.786,3.874,4.928,5.34,0.28, ,0,0,0,0,0, ,669.1,-470.4,101.4,-186,-193.5,-49.1,25,426.836,-90.3694,752.158,-99.4953,-124.062,86.7925,
2026_07_06_17_07_49.292,3.868,58.3,0,0.786,3.879,4.935,5.36,0.28, ,0,0,0,0,0, ,547.9,-347.4,166.5,-207.3,-201.9,-63.3,25,437.906,-109.78,714.486,-105.416,-128.55,78.0789,
2026_07_06_17_07_49.311,3.871,58.5,0,0.787,3.88,4.93,5.31,0.278, ,0,0,0,0,0, ,534.6,-256.3,16.9,-229.5,-221.3,-93.4,25,444.204,-121.484,676.535,-112.301,-133.61,68.5465,
2026_07_06_17_07_49.331,3.869,58.7,0,0.787,3.88,4.93,5.27,0.276, ,0,0,0,0,0, ,661.1,-264.7,-221,-202.9,-230.6,-119.1,25,453.566,-129.955,629.09,-118.632,-139.237,57.8948,
2026_07_06_17_07_49.351,3.87,58.9,0,0.786,3.876,4.931,5.25,0.275, ,0,0,0,0,0, ,739.7,-307.4,-528.6,-169.7,-232.1,-113,25,468.608,-139.467,567.916,-122.756,-144.851,47.2951,
2026_07_06_17_07_49.370,3.868,59,0,0.786,3.879,4.935,5.22,0.273, ,0,0,0,0,0, ,630.3,-179.1,-482.9,-130.4,-205.5,-117.4,25,481.794,-145.792,502.489,-124.419,-149.357,37.393,
2026_07_06_17_07_49.391,3.87,59.3,0,0.787,3.88,4.93,5.22,0.273, ,0,0,0,0,0, ,650,-122.4,-512.2,-102.8,-154.9,-177.8,25,491.444,-146.094,441.549,-123.942,-151.236,26.12,
2026_07_06_17_07_49.410,3.869,59.5,0,0.787,3.879,4.928,5.16,0.27, ,0,0,0,0,0, ,972.2,-129.7,-681.2,-70.7,-109.4,-179.5,25,510.923,-144.872,378.281,-121.676,-150.073,13.6419,
2026_07_06_17_07_49.430,3.868,59.6,0,0.786,3.876,4.931,5.14,0.269, ,0,0,0,0,0, ,1401.1,-274,-735.4,-35.2,-50,-131.6,25,552.1,-148.344,312.067,-117.488,-145.785,3.33173,
2026_07_06_17_07_49.449,3.87,59.8,0,0.787,3.88,4.93,5.12,0.268, ,0,0,0,0,0, ,1382.6,-317,-375.3,-24.2,96.3,-104.6,25,603.272,-157.312,259.209,-112.138,-135.49,-4.06802,
2026_07_06_17_07_49.471,3.869,59.9,0,0.787,3.88,4.93,5.08,0.266, ,0,0,0,0,0, ,1010.6,-135.4,-583.7,14.2,140,-113.7,25,639.428,-161.51,214.194,-105.61,-120.034,-10.4715,
2026_07_06_17_07_49.489,3.87,60.1,0,0.787,3.879,4.928,5.08,0.266, ,0,0,0,0,0, ,989.6,-129.8,-460.5,2.4,124,-116.8,25,661.407,-159.748,169.326,-98.6683,-104.676,-16.8564,
2026_07_06_17_07_49.512,3.869,60.3,0,0.786,3.877,4.932,5.04,0.264, ,0,0,0,0,0, ,970.3,-45.6,-385.2,-19.6,86.1,-105.4,25,680.818,-155.358,133.24,-93.1797,-91.8957,-22.5994,
2026_07_06_17_07_49.530,3.869,60.5,0,0.787,0,0,0,0, ,0,0,0,0,0, ,1087.7,-20.9,-328.7,-24.6,66.8,-85.5,25,702.035,-147.917,103.369,-88.8483,-81.6371,-27.0387,
2026_07_06_17_07_49.549,3.869,60.7,0,0.786,0,0,0,0, ,0,0,0,0,0, ,1048,53.2,-321.2,-26.5,78.8,-72.9,25,724.327,-137.919,77.2688,-84.9911,-72.2261,-30.2173,
2026_07_06_17_07_49.568,3.869,60.7,0,0.787,0,0,0,0, ,0,0,0,0,0, ,990.2,135.6,-234.3,-33.3,120.9,-91.2,25,742.29,-123.762,55.6348,-81.634,-61.7402,-33.3758,
2026_07_06_17_07_49.588,3.869,61,0,0.787,0,0,0,0, ,0,0,0,0,0, ,924.9,207.3,-150.6,-65.9,157.6,-114.7,25,755.407,-105.772,40.5171,-79.6819,-49.4924,-37.6155,
2026_07_06_17_07_49.608,3.869,61,0,0.786,0,0,0,0, ,0,0,0,0,0, ,879.2,244.9,-101.6,-95.4,171.9,-136.5,25,764.343,-85.5489,30.3639,-79.7409,-36.437,-42.9771,
2026_07_06_17_07_49.628,3.869,61.1,0,0.784,0,0,0,0, ,0,0,0,0,0, ,873.1,264.1,-83.2,-105.7,166.6,-152.4,25,771.157,-64.8272,22.883,-81.0089,-23.9029,-49.1606,
2026_07_06_17_07_49.648,3.869,61.3,0,0.786,0,0,0,0, ,0,0,0,0,0, ,926.2,294.1,-37.3,-112,147.3,-157.3,25,778.987,-43.8691,17.8171,-82.7055,-12.8822,-55.601,
2026_07_06_17_07_49.671,3.869,61.2,0,0.784,0,0,0,0, ,0,0,0,0,0, ,951.4,320.9,24.9,-117.5,145.3,-158.4,25,788.725,-22.4576,16.3535,-84.6582,-3.18205,-61.8318,
2026_07_06_17_07_49.687,3.869,61.3,0,0.784,0,0,0,0, ,0,0,0,0,0, ,902.3,334.4,81.1,-127.4,169.3,-170.6,25,797.142,-1.1229,18.5867,-86.9611,6.59732,-68.0882,
2026_07_06_17_07_49.709,3.869,61.5,0,0.785,0,0,0,0, ,0,0,0,0,0, ,875.2,367.9,136.9,-138.3,178.6,-175.3,25,802.725,20.3437,24.0962,-89.7575,16.7954,-74.4782,
2026_07_06_17_07_49.726,3.869,61.5,0,0.785,0,0,0,0, ,0,0,0,0,0, ,866.4,421.5,207.1,-148.7,158.8,-162.5,25,806.873,43.1561,33.1091,-93.0324,26.0521,-80.232,
2026_07_06_17_07_49.746,3.869,61.5,0,0.785,0,0,0,0, ,0,0,0,0,0, ,861.3,456.4,289,-160.3,133.3,-145.8,25,810.345,67.2748,46.2071,-96.7781,33.3644,-84.7364,
2026_07_06_17_07_49.767,3.869,61.6,0,0.785,0,0,0,0, ,0,0,0,0,0, ,868.7,457,368.1,-165.8,120.9,-123.2,25,813.675,91.0054,63.4123,-100.817,39.0764,-87.7689,
2026_07_06_17_07_49.786,3.869,61.6,0,0.785,0,0,0,0, ,0,0,0,0,0, ,846.1,521.4,418.4,-186.1,126.6,-113.1,25,816.34,115.27,83.5118,-105.395,44.2362,-89.6202,
2026_07_06_17_07_49.806,3.869,61.6,0,0.785,0,0,0,0, ,0,0,0,0,0, ,862.1,538.6,553.5,-242.5,138,-113.4,25,818.641,140.543,108.035,-112.031,49.6026,-91.0601,
2026_07_06_17_07_49.827,3.869,61.6,0,0.785,0,0,0,0, ,0,0,0,0,0, ,994.3,561.4,704.4,-250.1,157.2,-89.6,25,825.317,165.494,139.779,-120.213,55.5743,-91.6963,
2026_07_06_17_07_49.846,3.869,61.7,0,0.784,0,0,0,0, ,0,0,0,0,0, ,1008.4,509.3,753.2,-250.1,168,-77.1,25,836.044,188.032,175.672,-128.128,62.0962,-91.1877,
2026_07_06_17_07_49.865,3.869,61.9,0,0.785,0,0,0,0, ,0,0,0,0,0, ,1037.7,396.8,692.8,-223.6,208,-37.3,25,847.44,204.182,209.025,-134.754,69.7685,-89.1166,
2026_07_06_17_07_49.885,3.869,61.9,0,0.784,0,0,0,0, ,0,0,0,0,0, ,899.6,356.8,648.1,-217.8,213,-3.3,25,854.826,214.701,237.143,-139.991,78.3443,-84.9231,
2026_07_06_17_07_49.905,3.869,61.9,0,0.785,0,0,0,0, ,0,0,0,0,0, ,809.2,286.3,603.5,-204.7,199.7,40.2,25,854.8,221.212,260.827,-144.333,86.1446,-78.6238,
2026_07_06_17_07_49.924,3.869,62,0,0.784,0,0,0,0, ,0,0,0,0,0, ,725.9,195.3,608.5,-182.3,178.1,77.5,25,849.483,222.406,281.861,-147.329,92.4063,-70.2465,
2026_07_06_17_07_49.944,3.869,62,0,0.783,0,0,0,0, ,0,0,0,0,0, ,647.2,79.9,595,-141.3,163.3,103.8,25,839.555,217.238,301.354,-148.211,97.1773,-60.4418,
2026_07_06_17_07_49.965,3.869,61.9,0,0.784,0,0,0,0, ,0,0,0,0,0, ,500.9,40.4,615.1,-98.1,139.1,127.5,25,823.375,207.665,319.86,-146.474,100.469,-49.7113,
2026_07_06_17_07_49.985,3.869,62.1,0,0.782,0,0,0,0, ,0,0,0,0,0, ,443.8,19.8,699.3,-64.4,90.2,157,25,801.985,196.845,340.417,-142.499,101.333,-38.0136,
2026_07_06_17_07_50.003,3.869,62.1,0,0.782,0,0,0,0, ,0,0,0,0,0, ,419,29.6,810.6,-50.8,41.3,196.1,25,779.402,186.355,365.678,-137.326,99.1651,-24.9386,
2026_07_06_17_07_50.024,3.869,62.1,0,0.786,0,0,0,0, ,0,0,0,0,0, ,404.1,21.7,924.9,-38.3,5.5,231,25,756.986,176.562,396.273,-131.672,94.5482,-10.4057,
2026_07_06_17_07_50.044,3.869,62.1,0,0.785,0,0,0,0, ,0,0,0,0,0, ,458.6,55.1,926.6,-3.9,5.6,245.8,25,737.143,168.143,428.538,-124.934,89.1248,4.75585,
2026_07_06_17_07_50.064,3.869,62.1,0,0.783,0,0,0,0, ,0,0,0,0,0, ,396.6,87.2,890.5,18.6,15.7,247.1,25,718.28,162.232,457.788,-116.873,84.3428,19.4841,
2026_07_06_17_07_50.083,3.869,62.1,0,0.784,0,0,0,0, ,0,0,0,0,0, ,325,80.2,876.7,28.8,26.3,237,25,696.496,157.446,483.736,-108.307,80.4828,33.0467,
2026_07_06_17_07_50.103,3.869,62.2,0,0.784,0,0,0,0, ,0,0,0,0,0, ,362.7,38.5,868.6,47.3,40.5,234.8,25,675.007,151.469,507.436,-99.3883,77.6137,45.4081,
2026_07_06_17_07_50.122,3.869,62.2,0,0.784,0,0,0,0, ,0,0,0,0,0, ,316.8,54.4,870.1,56.6,52.1,239.2,25,654.577,145.069,529.49,-90.1661,75.7055,57.0832,
2026_07_06_17_07_50.141,3.869,62.2,0,0.781,0,0,0,0, ,0,0,0,0,0, ,195,113.2,898.8,51.1,10.7,245,25,630.283,141.336,551.12,-81.3901,73.0057,68.3577,
2026_07_06_17_07_50.163,3.869,62.2,0,0.785,0,0,0,0, ,0,0,0,0,0, ,227.4,88.2,974.9,35.8,-29,244.9,25,604.745,138.859,574.626,-73.7827,67.9993,79.1188,
2026_07_06_17_07_50.183,3.869,62.3,0,0.784,0,0,0,0, ,0,0,0,0,0, ,237.3,78.2,983.2,30.8,-41.6,245,25,582.052,135.468,599.27,-67.2573,61.7045,89.2241,
2026_07_06_17_07_50.201,3.869,62.3,0,0.784,0,0,0,0, ,0,0,0,0,0, ,307.6,63.9,938.7,58.7,-7.1,230.4,25,563.186,131.542,621.31,-60.4319,56.4606,98.2718,
2026_07_06_17_07_50.223,3.869,62.1,0,0.784,0,0,0,0, ,0,0,0,0,0, ,250.4,66.1,926.8,68.6,5.8,221.6,25,545.868,127.487,640.289,-52.8707,52.9804,106.055,
2026_07_06_17_07_50.242,3.869,62.2,0,0.784,0,0,0,0, ,0,0,0,0,0, ,171.2,96.4,1063.7,52.5,-53.1,230.6,25,525.45,124.67,661.919,-45.9591,48.3107,113.371,
2026_07_06_17_07_50.261,3.869,62.2,0,0.784,0,0,0,0, ,0,0,0,0,0, ,121,92.2,1092.2,31.1,-105.5,226.5,25,502.333,122.819,687.271,-40.6113,40.5344,120.389,
2026_07_06_17_07_50.287,3.869,62.3,0,0.784,0,0,0,0, ,0,0,0,0,0, ,159.7,28.3,1040.1,24.8,-104.6,206.8,25,480.275,119.006,710.359,-36.4333,31.6629,126.255,
2026_07_06_17_07_50.308,3.869,62.2,0,0.783,0,0,0,0, ,0,0,0,0,0, ,216.5,7.8,1019.7,35,-79.8,179.2,25,462.47,112.854,729.831,-32.3911,24.115,130.322,
2026_07_06_17_07_50.321,3.869,62.3,0,0.783,0,0,0,0, ,0,0,0,0,0, ,25,20.3,1022.9,38.3,-74.9,147.2,25,441.647,106.833,747.592,-28.1839,17.932,132.326,
2026_07_06_17_07_50.341,3.869,62.2,0,0.783,0,0,0,0, ,0,0,0,0,0, ,-6.9,6.3,1069.5,21,-105.4,114.7,25,415.286,101.134,765.789,-24.6597,11.3457,132.242,
2026_07_06_17_07_50.360,3.869,62.2,0,0.784,0,0,0,0, ,0,0,0,0,0, ,129.1,-40.4,1094.6,3.3,-129.7,94.5,25,393.702,93.9318,785.061,-22.4166,3.49115,130.558,
2026_07_06_17_07_50.380,3.869,62.3,0,0.784,0,0,0,0, ,0,0,0,0,0, ,140.9,-69.9,1119.1,-21.4,-135.8,77.2,25,377.938,84.8471,804.67,-21.6021,-4.81104,127.833,
2026_07_06_17_07_50.399,3.869,62.2,0,0.784,0,0,0,0, ,0,0,0,0,0, ,216.5,-97,1002,-44.8,-133.2,57.2,25,365.797,74.5915,820.263,-22.3027,-12.714,124.138,
2026_07_06_17_07_50.422,3.869,62.2,0,0.783,0,0,0,0, ,0,0,0,0,0, ,241.4,-102.9,916.9,-66.4,-152,47.8,25,357.458,63.9554,828.744,-24.3318,-20.6289,119.773,
2026_07_06_17_07_50.439,3.869,62.3,0,0.783,0,0,0,0, ,0,0,0,0,0, ,311.2,-134.2,904.6,-77.2,-184.5,36.7,25,352.512,52.834,833.742,-27.2244,-29.6246,115.049,
2026_07_06_17_07_50.459,3.869,62.2,0,0.782,0,0,0,0, ,0,0,0,0,0, ,418.7,-159.7,966.9,-86.3,-193.4,30.1,25,353.27,40.6597,839.958,-30.547,-39.3334,110.073,
2026_07_06_17_07_50.479,3.869,62.2,0,0.782,0,0,0,0, ,0,0,0,0,0, ,449.4,-179.9,921,-102.8,-158.3,3.8,25,358.192,27.8348,846.295,-34.4472,-47.6524,104.399,
2026_07_06_17_07_50.498,3.869,62.1,0,0.782,0,0,0,0, ,0,0,0,0,0, ,452.1,-187.5,812.2,-110.1,-137.4,-28,25,363.833,14.9444,847.532,-38.8349,-53.7582,97.2996,
2026_07_06_17_07_50.518,3.869,62.3,0,0.782,0,0,0,0, ,0,0,0,0,0, ,439.5,-194.4,796,-119.1,-148.7,-42.9,25,368.828,2.39768,844.885,-43.4518,-59.1994,89.2101,
2026_07_06_17_07_50.539,3.869,62.3,0,0.784,0,0,0,0, ,0,0,0,0,0, ,577,-202.5,763.1,-143.3,-207.1,-46.3,25,377.324,-9.84147,840.904,-48.799,-66.4327,81.0561,
2026_07_06_17_07_50.559,3.869,62.3,0,0.785,0,0,0,0, ,0,0,0,0,0, ,650.3,-234.4,642.5,-153.9,-244.1,-40.5,25,391.725,-22.5536,832.488,-54.8806,-76.132,73.472,
2026_07_06_17_07_50.579,3.869,62.2,0,0.784,0,0,0,0, ,0,0,0,0,0, ,739.5,-262.2,591.9,-164.5,-224.5,-59.1,25,410.2,-36.31,819.369,-61.2376,-85.7704,65.9601,
2026_07_06_17_07_50.598,3.869,62.2,0,0.782,0,0,0,0, ,0,0,0,0,0, ,766.9,-269.4,394.6,-143.1,-169.8,-91.4,25,431.101,-50.2945,799.496,-66.8781,-92.5576,57.3552,
2026_07_06_17_07_50.617,3.869,62.2,0,0.781,0,0,0,0, ,0,0,0,0,0, ,786.9,-213.1,354.6,-109.9,-122.6,-130.2,25,452.173,-61.9309,773.604,-70.5113,-95.8264,47.1082,
2026_07_06_17_07_50.637,3.869,62.3,0,0.784,0,0,0,0, ,0,0,0,0,0, ,744.3,-140.8,222.1,-134,-121.2,-152.6,25,471.273,-68.9398,744.034,-73.6458,-97.4153,35.621,
2026_07_06_17_07_50.656,3.869,62.3,0,0.784,0,0,0,0, ,0,0,0,0,0, ,737.1,-112,125.9,-142.9,-171.4,-159.4,25,487.691,-72.4413,709.298,-77.5948,-100.394,23.9441,
2026_07_06_17_07_50.676,3.869,62.2,0,0.782,0,0,0,0, ,0,0,0,0,0, ,776.3,-59.4,9,-77.3,-230.6,-157.3,25,504.084,-73.2493,670.185,-79.5756,-106.525,12.8355,
2026_07_06_17_07_50.697,3.869,62.2,0,0.782,0,0,0,0, ,0,0,0,0,0, ,775.7,-69.9,-149,-19.3,-250.1,-155,25,520.654,-72.7253,625.08,-77.6698,-114.68,2.53798,
2026_07_06_17_07_50.715,3.869,62.2,0,0.782,0,0,0,0, ,0,0,0,0,0, ,691.4,35.6,-240.9,-8.6,-250.1,-153.9,25,533.627,-69.3386,575.109,-73.7868,-122.932,-7.02847,
2026_07_06_17_07_50.736,3.869,62.3,0,0.782,0,0,0,0, ,0,0,0,0,0, ,852.6,146.8,-337.5,-40.5,-247.8,-174.9,25,548.153,-59.5558,522.441,-70.7865,-130.611,-16.6183,
2026_07_06_17_07_50.755,3.869,62.2,0,0.784,0,0,0,0, ,0,0,0,0,0, ,1452.1,44.9,-327.6,-33.6,-167.3,-157,25,584.971,-50.0858,470.34,-68.7307,-135.3,-25.7182,
2026_07_06_17_07_50.777,3.869,62.2,0,0.784,0,0,0,0, ,0,0,0,0,0, ,1471.4,-42.8,-366.4,0.2,-67.7,-124.4,25,638.4,-46.9697,420.533,-65.56,-134.215,-32.7249,
2026_07_06_17_07_50.796,3.869,62.2,0,0.782,0,0,0,0, ,0,0,0,0,0, ,1155.3,39.7,-388.6,12.5,15.5,-131.1,25,679.53,-44.2019,371.903,-61.178,-127.627,-38.5155,
2026_07_06_17_07_50.817,3.869,62.3,0,0.784,0,0,0,0, ,0,0,0,0,0, ,944,131.8,-235.4,-3.4,35.5,-149.4,25,702.084,-36.283,330.227,-57.1727,-118.296,-44.7149,
2026_07_06_17_07_50.835,3.869,62.2,0,0.782,0,0,0,0, ,0,0,0,0,0, ,787.7,266.8,-143.4,-42.3,-5,-145.3,25,712.063,-21.9271,298.563,-55.0812,-110.158,-50.9693,
2026_07_06_17_07_50.856,3.869,62.2,0,0.782,0,0,0,0, ,0,0,0,0,0, ,749.5,372,-151.8,-73.2,-50.2,-138,25,715.508,-1.12753,271.375,-55.2438,-105.127,-56.4951,
2026_07_06_17_07_50.881,3.869,62.2,0,0.782,0,0,0,0, ,0,0,0,0,0, ,791.1,451,-186,-97,-51.2,-148,25,718.847,24.017,244.545,-57.0632,-101.81,-61.7665,
2026_07_06_17_07_50.902,3.869,62.2,0,0.781,0,0,0,0, ,0,0,0,0,0, ,962.2,487.4,-208.1,-106.8,-22,-161.6,25,728.463,51.1453,217.636,-59.7954,-97.8364,-67.4357,
2026_07_06_17_07_50.917,3.869,62.1,0,0.781,0,0,0,0, ,0,0,0,0,0, ,1066.6,494.8,-200.9,-121.1,22.7,-168.5,25,745.888,77.955,191.912,-63.0955,-91.8532,-73.3841,
2026_07_06_17_07_50.937,3.869,62.1,0,0.781,0,0,0,0, ,0,0,0,0,0, ,1056.6,503.4,-181.6,-144,68.5,-168.7,25,765.126,103.619,168.563,-67.3278,-83.4771,-79.1863,
2026_07_06_17_07_50.953,3.869,62.1,0,0.783,0,0,0,0, ,0,0,0,0,0, ,931.2,525.5,-208,-151.5,83.5,-160.2,25,779.067,128.654,146.42,-72.2286,-73.759,-84.3821,
2026_07_06_17_07_50.976,3.869,62.2,0,0.782,0,0,0,0, ,0,0,0,0,0, ,863.8,565,-142.7,-155.6,63.5,-143.8,25,786.284,154.04,126.813,-77.1841,-64.7854,-88.5025,
2026_07_06_17_07_50.993,3.869,62.1,0,0.782,0,0,0,0, ,0,0,0,0,0, ,864.8,627,-72.8,-157.8,39.6,-115.6,25,791.038,180.972,112.519,-82.0296,-57.6962,-91.013,
2026_07_06_17_07_51.014,3.869,62,0,0.781,0,0,0,0, ,0,0,0,0,0, ,983.8,662.1,-7.2,-154.7,34.8,-94.4,25,799.159,209.221,103.225,-86.5524,-51.9135,-91.8653,
2026_07_06_17_07_51.033,3.869,62.1,0,0.781,0,0,0,0, ,0,0,0,0,0, ,1010,639,16.2,-146.3,59.4,-82.5,25,811.209,236.115,97.2088,-90.4492,-45.8798,-91.6572,
2026_07_06_17_07_51.054,3.869,62.1,0,0.782,0,0,0,0, ,0,0,0,0,0, ,933.7,644.4,71.2,-140.7,80.9,-73.9,25,820.998,260.83,93.9481,-93.682,-38.8093,-90.8372,
2026_07_06_17_07_51.072,3.869,61.9,0,0.781,0,0,0,0, ,0,0,0,0,0, ,842.8,718.8,167.4,-146.7,82.3,-57.4,25,825.096,286.471,95.493,-96.73,-31.4718,-89.3023,
2026_07_06_17_07_51.093,3.869,62,0,0.782,0,0,0,0, ,0,0,0,0,0, ,818.6,748.7,234.3,-159,81,-43.7,25,825.438,313.727,101.913,-100.15,-24.5785,-86.9409,
2026_07_06_17_07_51.112,3.869,62,0,0.783,0,0,0,0, ,0,0,0,0,0, ,856.9,721.4,319,-174.9,84.5,-28.5,25,826.188,339.401,112.561,-104.22,-18.0381,-83.8427,
2026_07_06_17_07_51.132,3.869,62,0,0.78,0,0,0,0, ,0,0,0,0,0, ,935.1,664.1,257.9,-179.7,102.1,-5.8,25,830.442,360.933,123.279,-108.674,-11.2535,-79.7787,
2026_07_06_17_07_51.151,3.869,62,0,0.782,0,0,0,0, ,0,0,0,0,0, ,803.8,675,284.6,-172.8,113.8,12.1,25,832.819,379.74,132.296,-112.792,-3.98951,-74.7252,
2026_07_06_17_07_51.171,3.869,62,0,0.781,0,0,0,0, ,0,0,0,0,0, ,730.9,652.7,382.5,-171.7,102.3,26.8,25,828.83,397.053,144.56,-116.415,2.83789,-68.9864,
2026_07_06_17_07_51.192,3.869,61.8,0,0.781,0,0,0,0, ,0,0,0,0,0, ,729.1,611.9,400.1,-171.6,101.6,34,25,822.807,411.388,159.596,-119.781,8.87754,-62.93,
2026_07_06_17_07_51.213,3.869,61.9,0,0.782,0,0,0,0, ,0,0,0,0,0, ,783.2,536.2,469.7,-169.1,98.5,54.9,25,818.745,421.3,176.372,-122.862,14.4334,-56.3866,
2026_07_06_17_07_51.231,3.869,61.8,0,0.781,0,0,0,0, ,0,0,0,0,0, ,768.9,489.2,483.5,-169.4,84,90.7,25,816.143,426.87,194.667,-125.689,19.1144,-48.5143,
2026_07_06_17_07_51.251,3.869,61.9,0,0.781,0,0,0,0, ,0,0,0,0,0, ,749,464.9,471.5,-181.3,63.4,109.4,25,812.658,429.928,211.903,-128.715,22.4407,-39.4611,
2026_07_06_17_07_51.271,3.869,61.9,0,0.781,0,0,0,0, ,0,0,0,0,0, ,664.6,414.7,505.8,-165.4,74.7,102.9,25,806.208,430.529,228.767,-131.435,25.2809,-30.5879,
2026_07_06_17_07_51.292,3.869,61.8,0,0.783,0,0,0,0, ,0,0,0,0,0, ,648.3,338.2,615.7,-156.4,86.1,89.5,25,797.082,427.234,248.997,-133.231,28.6398,-22.8618,
2026_07_06_17_07_51.310,3.869,61.9,0,0.781,0,0,0,0, ,0,0,0,0,0, ,636.5,293.2,719.1,-127.6,72.4,103.4,25,787.656,420.437,274.493,-133.765,31.7238,-15.5912,
2026_07_06_17_07_51.330,3.869,61.7,0,0.781,0,0,0,0, ,0,0,0,0,0, ,694,222.4,725.2,-110.8,48.9,130.2,25,780.197,410.527,301.773,-132.878,33.4865,-7.52366,
2026_07_06_17_07_51.350,3.869,61.7,0,0.781,0,0,0,0, ,0,0,0,0,0, ,631.9,184.8,692.7,-106.7,46.6,145.8,25,773.052,397.917,326.585,-131.407,34.3557,1.34419,
2026_07_06_17_07_51.370,3.869,61.7,0,0.782,0,0,0,0, ,0,0,0,0,0, ,561.5,151.4,733.1,-107.7,58.9,142.5,25,762.305,383.913,350.126,-129.932,35.4766,10.0464,
2026_07_06_17_07_51.389,3.869,61.8,0,0.781,0,0,0,0, ,0,0,0,0,0, ,538.6,121.7,836.4,-73.7,63.1,136.5,25,749.371,368.839,376.611,-127.541,37.0319,17.935,
2026_07_06_17_07_51.409,3.869,61.7,0,0.78,0,0,0,0, ,0,0,0,0,0, ,567.2,46.1,826.4,-57.1,64.6,123.7,25,737.399,351.475,404.325,-123.755,38.6662,24.7701,
2026_07_06_17_07_51.429,3.869,61.7,0,0.781,0,0,0,0, ,0,0,0,0,0, ,553.4,-26.6,801,-45.5,75.2,123.3,25,726.607,330.652,429.271,-119.339,40.5695,30.7864,
2026_07_06_17_07_51.449,3.869,61.8,0,0.781,0,0,0,0, ,0,0,0,0,0, ,484.8,-60,764.5,-40.9,70,124.8,25,713.962,307.864,450.811,-114.7,42.5213,36.4697,
2026_07_06_17_07_51.468,3.869,61.7,0,0.782,0,0,0,0, ,0,0,0,0,0, ,464.5,-91.3,755.3,-33.5,57.2,126.1,25,699.379,284.493,469.646,-109.977,43.8058,41.8919,
2026_07_06_17_07_51.489,3.869,61.6,0,0.781,0,0,0,0, ,0,0,0,0,0, ,484.7,-126,784.5,-25.5,38.6,131.2,25,685.681,260.536,487.943,-105.073,44.0553,47.1787,
2026_07_06_17_07_51.507,3.869,61.6,0,0.781,0,0,0,0, ,0,0,0,0,0, ,482,-156.3,793.5,-15.6,26.8,135,25,673.352,236.059,506.289,-99.9224,43.3633,52.4145,
2026_07_06_17_07_51.528,3.869,61.6,0,0.78,0,0,0,0, ,0,0,0,0,0, ,462.4,-185.5,807.7,-7.7,32.8,136.5,25,661.094,211.26,524.223,-94.5433,42.5368,57.4928,
2026_07_06_17_07_51.548,3.869,61.6,0,0.78,0,0,0,0, ,0,0,0,0,0, ,428.8,-204.1,810.6,-2.1,35,142.8,25,647.962,186.515,541.586,-89.0807,42.0105,62.4993,
2026_07_06_17_07_51.568,3.869,61.5,0,0.782,0,0,0,0, ,0,0,0,0,0, ,416.3,-216.9,815.7,6.5,32,148.7,25,634.226,162.322,558.134,-83.5182,41.4919,67.5723,
2026_07_06_17_07_51.588,3.869,61.5,0,0.781,0,0,0,0, ,0,0,0,0,0, ,426,-303.2,789,6.9,27.2,155.3,25,621.242,136.584,573.016,-78.0206,40.7672,72.7172,
2026_07_06_17_07_51.607,3.869,61.5,0,0.782,0,0,0,0, ,0,0,0,0,0, ,376.7,-236.2,800.7,23.7,16.9,168.7,25,607.842,111.826,586.534,-72.3339,39.6267,78.1578,
2026_07_06_17_07_51.626,3.869,61.4,0,0.781,0,0,0,0, ,0,0,0,0,0, ,324.8,-215.5,833.1,28.3,10.7,174.7,25,592.176,91.2488,600.572,-66.3416,38.0528,83.8581,
2026_07_06_17_07_51.647,3.869,61.5,0,0.781,0,0,0,0, ,0,0,0,0,0, ,350.9,-240.4,821.8,34.3,10.3,174.9,25,576.678,71.7976,614.397,-60.3916,36.3738,89.3998,
2026_07_06_17_07_51.666,3.869,61.5,0,0.78,0,0,0,0, ,0,0,0,0,0, ,266.7,-213.1,822.9,45.1,3.4,173.4,25,560.354,53.6049,627.07,-54.2923,34.5747,94.5643,
2026_07_06_17_07_51.686,3.869,61.4,0,0.78,0,0,0,0, ,0,0,0,0,0, ,157.1,-193.6,831.1,50,-21.9,169.2,25,539.12,37.9467,639.253,-48.0863,31.9042,99.2404,
2026_07_06_17_07_51.705,3.869,61.4,0,0.781,0,0,0,0, ,0,0,0,0,0, ,203,-223,821.1,58.6,-39.6,159.4,25,517.239,22.941,650.639,-41.8471,28.0862,103.205,
2026_07_06_17_07_51.727,3.869,61.4,0,0.781,0,0,0,0, ,0,0,0,0,0, ,284.3,-218.9,850.7,68.1,-47.1,160.9,25,500.567,8.07893,661.928,-35.4366,23.733,106.675,
2026_07_06_17_07_51.745,3.869,61.3,0,0.782,0,0,0,0, ,0,0,0,0,0, ,248.6,-191.2,842.2,75.9,-69.7,171.3,25,486.301,-4.90862,673.172,-28.8897,18.7281,110.296,
2026_07_06_17_07_51.765,3.869,61.3,0,0.782,0,0,0,0, ,0,0,0,0,0, ,178.8,-150,908.5,79.9,-103.3,170,25,469.689,-15.0054,685.493,-22.3822,12.3157,113.974,
2026_07_06_17_07_51.791,3.869,61.3,0,0.78,0,0,0,0, ,0,0,0,0,0, ,202,-166.8,875.2,84,-114.2,150.3,25,452.67,-23.7435,698.068,-16.0245,4.93828,116.788,
2026_07_06_17_07_51.811,3.869,61.3,0,0.782,0,0,0,0, ,0,0,0,0,0, ,215,-148,839.7,94.4,-123.9,129.1,25,437.791,-31.8882,707.78,-9.61237,-2.61726,118.184,
2026_07_06_17_07_51.824,3.869,61.3,0,0.78,0,0,0,0, ,0,0,0,0,0, ,323.9,-101.3,899.1,102.1,-148.6,126.6,25,427.533,-37.5409,717.629,-3.0395,-10.7605,118.773,
2026_07_06_17_07_51.845,3.869,61.2,0,0.781,0,0,0,0, ,0,0,0,0,0, ,316,-99.7,994.9,93.2,-155.1,127.2,25,420.977,-41.3775,731.606,3.09626,-19.3581,119.268,
2026_07_06_17_07_51.865,3.869,61.3,0,0.781,0,0,0,0, ,0,0,0,0,0, ,291,-97,1056.1,76.1,-141.3,110.1,25,413.818,-44.8492,749.515,8.06594,-27.2094,119.231,
2026_07_06_17_07_51.885,3.869,61.2,0,0.782,0,0,0,0, ,0,0,0,0,0, ,291.8,-106.8,1007.4,49.2,-116.8,82.3,25,406.358,-48.3258,766.714,11.3922,-33.4154,117.827,
2026_07_06_17_07_51.905,3.869,61.2,0,0.781,0,0,0,0, ,0,0,0,0,0, ,304.8,-106.3,1013,37.8,-104.4,59.2,25,399.773,-51.8738,781.551,13.3487,-38.1188,114.958,
2026_07_06_17_07_51.924,3.869,61.2,0,0.781,0,0,0,0, ,0,0,0,0,0, ,409.9,-154,1052.6,21.9,-99.7,48.6,25,397.188,-56.6438,796.862,14.3543,-42.0146,111.238,
2026_07_06_17_07_51.944,3.869,61.2,0,0.781,0,0,0,0, ,0,0,0,0,0, ,405,-124,1064.5,1.9,-82,40.4,25,397.814,-61.6623,812.808,14.2047,-44.9905,107.171,
2026_07_06_17_07_51.963,3.869,61.1,0,0.781,0,0,0,0, ,0,0,0,0,0, ,390.7,-164,1046.7,-7.7,-55,13.9,25,397.816,-66.6798,827.603,13.1624,-46.4231,102.295,
2026_07_06_17_07_51.983,3.869,61.2,0,0.781,0,0,0,0, ,0,0,0,0,0, ,387.3,-155.8,984.9,-15.8,-51.8,-2.4,25,397.279,-72.3604,839.072,11.6443,-46.8483,96.4114,
2026_07_06_17_07_52.005,3.869,61.1,0,0.781,0,0,0,0, ,0,0,0,0,0, ,510.2,-163.2,916.7,-29.1,-67.6,-4.1,25,400.415,-77.6705,845.88,9.56668,-47.6314,90.3383,
2026_07_06_17_07_52.023,3.869,61.1,0,0.781,0,0,0,0, ,0,0,0,0,0, ,637.2,-201.1,881.5,-34.8,-66.6,4.4,25,410.975,-84.0372,849.123,7.03676,-48.8178,84.8425,
2026_07_06_17_07_52.044,3.869,61.1,0,0.781,0,0,0,0, ,0,0,0,0,0, ,631.2,-217.4,865.2,-29.6,-59.1,11.1,25,424.577,-91.6673,850.6,4.64577,-49.6729,80.1446,
2026_07_06_17_07_52.061,3.869,61.1,0,0.781,0,0,0,0, ,0,0,0,0,0, ,578,-217.5,855.9,-34.9,-57,6.5,25,435.548,-99.3322,851.206,2.39743,-50.1834,75.7971,
2026_07_06_17_07_52.083,3.869,61,0,0.78,0,0,0,0, ,0,0,0,0,0, ,547.1,-224.7,843.7,-47.1,-70.7,-1.5,25,443.287,-106.752,851.12,-0.247099,-51.0162,71.3305,
2026_07_06_17_07_52.103,3.869,61,0,0.779,0,0,0,0, ,0,0,0,0,0, ,563.9,-226.5,820.6,-63.9,-89.9,-8.5,25,450.125,-113.995,849.964,-3.61407,-52.8006,66.6791,
2026_07_06_17_07_52.123,3.869,61,0,0.781,0,0,0,0, ,0,0,0,0,0, ,613.8,-247.9,771.6,-77,-106.3,-16,25,458.578,-121.503,846.682,-7.68689,-55.5611,61.8694,
2026_07_06_17_07_52.141,3.869,60.9,0,0.78,0,0,0,0, ,0,0,0,0,0, ,689,-266.8,710.9,-91.1,-124,-16.4,25,470.328,-129.781,840.257,-12.3403,-59.1923,57.112,
2026_07_06_17_07_52.161,3.869,60.9,0,0.781,0,0,0,0, ,0,0,0,0,0, ,681.5,-289.7,644.4,-108.2,-154.7,-9.1,25,483.425,-138.828,830.348,-17.6607,-64.0769,52.8548,
2026_07_06_17_07_52.181,3.869,60.7,0,0.781,0,0,0,0, ,0,0,0,0,0, ,650.8,-302.7,599.1,-115.5,-179.5,-11.7,25,494.56,-148.418,817.637,-23.4004,-70.3549,49.0002,
2026_07_06_17_07_52.209,3.869,60.7,0,0.781,0,0,0,0, ,0,0,0,0,0, ,649.7,-302.2,552.2,-106.8,-193.4,-27.2,25,504.047,-157.804,802.891,-28.7476,-77.4294,44.8291,
2026_07_06_17_07_52.220,3.869,60.9,0,0.781,0,0,0,0, ,0,0,0,0,0, ,659.6,-297.4,443.8,-114.5,-223.4,-36.6,25,513.225,-166.457,784.311,-33.7385,-85.4104,40.1534,
2026_07_06_17_07_52.242,3.869,60.7,0,0.78,0,0,0,0, ,0,0,0,0,0, ,707.1,-292.4,303.8,-117.8,-248.9,-36.3,25,523.592,-174.284,759.296,-38.7605,-94.5961,35.4854,
2026_07_06_17_07_52.260,3.869,60.7,0,0.781,0,0,0,0, ,0,0,0,0,0, ,829.8,-310.5,148.8,-106.1,-250.1,-41,25,538.513,-182.033,726.816,-43.2205,-104.036,30.9677,
2026_07_06_17_07_52.280,3.869,60.7,0,0.78,0,0,0,0, ,0,0,0,0,0, ,961.3,-374.2,-0.7,-98.5,-231.7,-28.7,25,560.27,-191.803,687.039,-46.8206,-112.376,26.957,
2026_07_06_17_07_52.299,3.869,60.6,0,0.78,0,0,0,0, ,0,0,0,0,0, ,900.5,-385.9,7.4,-56.6,-199.2,-22,25,582.855,-203.274,645.376,-48.6932,-118.657,23.7695,
2026_07_06_17_07_52.320,3.869,60.6,0,0.781,0,0,0,0, ,0,0,0,0,0, ,806.3,-302.6,-35.8,-45.8,-184.8,-35.2,25,599.341,-211.865,605.183,-48.846,-123.126,20.5782,
2026_07_06_17_07_52.339,3.869,60.6,0,0.78,0,0,0,0, ,0,0,0,0,0, ,959.4,-316.6,-93.1,-25.6,-175.7,-31.8,25,616.618,-217.82,564.378,-48.0449,-126.607,17.2829,
2026_07_06_17_07_52.358,3.869,60.5,0,0.781,0,0,0,0, ,0,0,0,0,0, ,1122,-406.7,-209.4,-35.1,-140.5,-5.8,25,642.46,-226.585,520.769,-46.9666,-128.526,15.0841,
2026_07_06_17_07_52.379,3.869,60.6,0,0.779,0,0,0,0, ,0,0,0,0,0, ,1061.6,-399.5,-281,-22.6,-75.6,4.5,25,669.842,-237.341,474.093,-45.8626,-127.278,14.1253,
2026_07_06_17_07_52.399,3.869,60.6,0,0.779,0,0,0,0, ,0,0,0,0,0, ,979.6,-373.4,-257.4,-8.1,-7,-14.9,25,691.216,-246.428,428.798,-44.0032,-122.039,12.9476,
2026_07_06_17_07_52.418,3.869,60.7,0,0.78,0,0,0,0, ,0,0,0,0,0, ,874.5,-348.6,-225.4,5.8,33.4,-38.2,25,705.587,-253.409,387.958,-41.3919,-113.798,10.5407,
2026_07_06_17_07_52.445,3.869,60.5,0,0.78,0,0,0,0, ,0,0,0,0,0, ,847.5,-323.9,-178.4,-10.9,31.4,-54.4,25,715.058,-258.458,352.014,-39.025,-104.889,7.07701,
2026_07_06_17_07_52.457,3.869,60.5,0,0.78,0,0,0,0, ,0,0,0,0,0, ,866.2,-291.5,-136.3,-20.2,18.3,-49.3,25,723.698,-261.458,320.974,-37.5944,-96.9831,3.48614,
2026_07_06_17_07_52.480,3.869,60.4,0,0.781,0,0,0,0, ,0,0,0,0,0, ,924.3,-281.6,-126.9,-27.3,3.4,-41.8,25,734.152,-262.987,293.396,-36.7508,-90.412,0.498004,
2026_07_06_17_07_52.496,3.869,60.5,0,0.78,0,0,0,0, ,0,0,0,0,0, ,943.4,-282.7,-166,-27.8,3.1,-39.1,25,746.321,-264.155,266.593,-36.1901,-84.7045,-1.99726,
2026_07_06_17_07_52.517,3.869,60.4,0,0.781,0,0,0,0, ,0,0,0,0,0, ,924.3,-308.2,-241.4,-25.1,11.6,-34.4,25,757.749,-266.062,237.934,-35.5966,-79.0949,-4.11501,
2026_07_06_17_07_52.536,3.869,60.5,0,0.78,0,0,0,0, ,0,0,0,0,0, ,871.3,-287.2,-300.6,-19.5,18,-29,25,766.283,-267.99,206.921,-34.7863,-73.3732,-5.79597,
2026_07_06_17_07_52.557,3.869,60.4,0,0.782,0,0,0,0, ,0,0,0,0,0, ,865.4,-275.3,-232.2,-8.5,14.8,-23.1,25,772.503,-268.798,178.078,-33.5197,-67.9027,-7.0302,
2026_07_06_17_07_52.577,3.869,60.3,0,0.78,0,0,0,0, ,0,0,0,0,0, ,903.5,-250.6,-170.8,-4,7.7,-22.6,25,779.325,-268.442,154.947,-31.8579,-63.0793,-7.99422,
2026_07_06_17_07_52.598,3.869,60.3,0,0.78,0,0,0,0, ,0,0,0,0,0, ,990.1,-253.9,-148.9,3.8,7.1,-17.9,25,789.53,-267.455,135.764,-29.9227,-58.7845,-8.74105,
2026_07_06_17_07_52.617,3.869,60.3,0,0.781,0,0,0,0, ,0,0,0,0,0, ,995.7,-235.9,-158,0.1,11.3,-15.5,25,801.923,-266.081,118.14,-27.9804,-54.6417,-9.22605,
2026_07_06_17_07_52.638,3.869,60.3,0,0.78,0,0,0,0, ,0,0,0,0,0, ,974.4,-216.7,-139.5,-1.8,13.1,-15.3,25,813.082,-263.656,101.877,-26.3272,-50.5685,-9.60228,
2026_07_06_17_07_52.655,3.869,60.2,0,0.781,0,0,0,0, ,0,0,0,0,0, ,972.2,-207.2,-120.9,0,9.3,-16.9,25,822.846,-260.506,87.7346,-24.7777,-46.8045,-9.99823,
2026_07_06_17_07_52.676,3.869,60.2,0,0.78,0,0,0,0, ,0,0,0,0,0, ,990.8,-203.8,-107.6,-2,3.2,-15.9,25,832.514,-257.154,75.4262,-23.3287,-43.5715,-10.3883,
2026_07_06_17_07_52.695,3.869,60.2,0,0.778,0,0,0,0, ,0,0,0,0,0, ,1011.5,-201.2,-98.6,-1.1,0,-13.4,25,842.79,-253.823,64.5472,-22.0016,-40.8188,-10.648,
2026_07_06_17_07_52.715,3.869,60.2,0,0.78,0,0,0,0, ,0,0,0,0,0, ,1006.5,-209.5,-97.7,-3,2.5,-9.5,25,852.918,-250.869,54.6329,-20.7858,-38.2553,-10.6969,
2026_07_06_17_07_52.734,3.869,60.2,0,0.78,0,0,0,0, ,0,0,0,0,0, ,959.7,-197.8,-99.1,-6.5,8.5,-10,25,860.851,-247.992,45.3074,-19.8086,-35.5889,-10.6392,
2026_07_06_17_07_52.757,3.869,60.1,0,0.781,0,0,0,0, ,0,0,0,0,0, ,932,-190.6,-114.2,-8.1,10.3,-12.3,25,866.031,-244.714,36.0475,-19.0464,-32.8474,-10.6703,
2026_07_06_17_07_52.774,3.869,60.2,0,0.781,0,0,0,0, ,0,0,0,0,0, ,945.1,-193.2,-114.2,2.5,6,-10.9,25,870.45,-241.496,26.8918,-18.0564,-30.3491,-10.727,
2026_07_06_17_07_52.795,3.869,60.1,0,0.779,0,0,0,0, ,0,0,0,0,0, ,948.6,-205,-148.4,5.7,3.4,-10.8,25,875.106,-238.912,17.252,-16.7062,-28.2133,-10.7345,
2026_07_06_17_07_52.814,3.869,60.1,0,0.78,0,0,0,0, ,0,0,0,0,0, ,936.6,-196.8,-111.5,3.1,6,-10.5,25,879.219,-236.596,8.28188,-15.4201,-26.2077,-10.7293,
2026_07_06_17_07_52.835,3.869,60,0,0.78,0,0,0,0, ,0,0,0,0,0, ,895.8,-193.3,-104.3,1.8,7.6,-13.8,25,881.472,-234.064,1.20205,-14.3311,-24.1963,-10.8159,
2026_07_06_17_07_52.854,3.869,60.1,0,0.779,0,0,0,0, ,0,0,0,0,0, ,875.9,-191.2,-102.1,0.8,9.3,-18.1,25,881.739,-231.516,-5.15995,-13.3786,-22.2069,-11.1288,
2026_07_06_17_07_52.874,3.869,60,0,0.781,0,0,0,0, ,0,0,0,0,0, ,855.3,-195.9,-108.3,0.6,14.5,-23.7,25,880.755,-229.202,-11.2561,-12.5207,-20.1285,-11.7242,
2026_07_06_17_07_52.893,3.869,60,0,0.78,0,0,0,0, ,0,0,0,0,0, ,826.4,-182.3,-101.6,-0.2,25.1,-32.1,25,878.324,-226.759,-16.9656,-11.7455,-17.6954,-12.7099,
2026_07_06_17_07_52.913,3.869,59.9,0,0.779,0,0,0,0, ,0,0,0,0,0, ,823.9,-168.9,-107.5,-1.2,35.1,-41.4,25,875.083,-223.641,-22.3028,-11.0724,-14.7828,-14.1749,
2026_07_06_17_07_52.932,3.869,60,0,0.779,0,0,0,0, ,0,0,0,0,0, ,874.1,-131.7,-81.4,-1.9,39.9,-45.3,25,873.494,-219.172,-26.6993,-10.4921,-11.5968,-15.9527,
2026_07_06_17_07_52.952,3.869,59.9,0,0.782,0,0,0,0, ,0,0,0,0,0, ,905.2,-85.6,-71.5,0.6,32.3,-47.6,25,874.478,-212.437,-29.7309,-9.89238,-8.69032,-17.8111,
2026_07_06_17_07_52.972,3.869,59.9,0,0.78,0,0,0,0, ,0,0,0,0,0, ,968.1,-75.1,-37.3,1.8,14.5,-46.3,25,878.267,-204.388,-31.2342,-9.21644,-6.73481,-19.5868,
2026_07_06_17_07_52.994,3.869,59.8,0,0.78,0,0,0,0, ,0,0,0,0,0, ,1011.5,-61.2,-5.7,4.4,2.2,-40.9,25,885.064,-196.086,-30.641,-8.46591,-5.81558,-21.0501,
2026_07_06_17_07_53.011,3.869,59.8,0,0.78,0,0,0,0, ,0,0,0,0,0, ,1037.7,-77.7,23.6,-2.3,1.8,-37.4,25,893.567,-188.369,-28.2285,-7.88603,-5.33932,-22.1531,
2026_07_06_17_07_53.032,3.869,59.9,0,0.781,0,0,0,0, ,0,0,0,0,0, ,1006.5,-75.1,1.5,-3,8.1,-36.2,25,901.399,-181.546,-25.7435,-7.56696,-4.71232,-23.0456,
2026_07_06_17_07_53.051,3.869,59.9,0,0.78,0,0,0,0, ,0,0,0,0,0, ,1020.6,-49.3,-25.3,-4,11.2,-34.9,25,908.233,-174.273,-24.8999,-7.31913,-3.83711,-23.8076,
2026_07_06_17_07_53.073,3.869,59.8,0,0.781,0,0,0,0, ,0,0,0,0,0, ,1028.8,-33.9,-21.4,0.5,9.2,-35.9,25,915.33,-166.189,-24.8055,-6.97976,-2.98173,-24.514,
2026_07_06_17_07_53.090,3.869,59.7,0,0.78,0,0,0,0, ,0,0,0,0,0, ,1022.5,-32.9,-0.6,2.4,8.6,-33.7,25,922.053,-158.097,-23.9642,-6.46607,-2.25768,-25.1408,
2026_07_06_17_07_53.113,3.869,59.8,0,0.781,0,0,0,0, ,0,0,0,0,0, ,1006.9,-16.3,-1.8,-0.5,14.1,-30.6,25,927.699,-149.962,-22.577,-6.01416,-1.42847,-25.5679,
2026_07_06_17_07_53.130,3.869,59.7,0,0.779,0,0,0,0, ,0,0,0,0,0, ,995.1,30.2,-20.7,-3.3,23.9,-33,25,932.166,-140.4,-21.8868,-5.76345,-0.183606,-25.9477,
2026_07_06_17_07_53.151,3.869,59.6,0,0.779,0,0,0,0, ,0,0,0,0,0, ,1004.7,80.5,4.7,0.3,19.3,-42.8,25,936.293,-128.472,-21.0405,-5.50365,1.14383,-26.676,
2026_07_06_17_07_53.170,3.869,59.8,0,0.78,0,0,0,0, ,0,0,0,0,0, ,1773.8,102.7,-55.7,1.2,12.1,-40.9,25,963.895,-115.061,-21.3123,-5.12257,2.03085,-27.6007,
2026_07_06_17_07_53.190,3.869,59.6,0,0.78,0,0,0,0, ,0,0,0,0,0, ,993.5,-6.9,10.4,-16,14.1,-13.3,25,989.474,-105.13,-21.3938,-5.26135,2.70538,-27.5702,
2026_07_06_17_07_53.209,3.869,59.6,0,0.779,0,0,0,0, ,0,0,0,0,0, ,997.3,86.3,48.4,14.2,24.2,5.6,25,989.835,-96.3049,-18.2986,-4.99558,3.70747,-26.1247,
2026_07_06_17_07_53.230,3.869,59.6,0,0.779,0,0,0,0, ,0,0,0,0,0, ,993.1,20.1,78.2,10,1.7,-2.7,25,990.162,-87.1944,-13.3262,-3.95382,4.27069,-24.4444,
2026_07_06_17_07_53.249,3.869,59.6,0,0.777,0,0,0,0, ,0,0,0,0,0, ,992.1,11.7,4.6,-1.5,-1,-2,25,990.311,-80.9121,-9.99128,-3.4539,4.03177,-23.098,
2026_07_06_17_07_53.270,3.869,59.5,0,0.779,0,0,0,0, ,0,0,0,0,0, ,989.3,4.5,-10,2.4,2.3,-3.1,25,990.334,-75.4879,-9.54697,-3.216,3.82569,-21.8459,
2026_07_06_17_07_53.289,3.869,59.5,0,0.78,0,0,0,0, ,0,0,0,0,0, ,992,3.7,-12.8,4.7,8.6,-5.1,25,990.354,-70.638,-9.65989,-2.8037,3.92467,-20.7645,
2026_07_06_17_07_53.307,3.869,59.5,0,0.78,0,0,0,0, ,0,0,0,0,0, ,996.9,-29.7,15.7,5.2,12.8,-7.8,25,990.603,-67.1257,-8.98288,-2.33121,4.33755,-19.8922,
2026_07_06_17_07_53.328,3.869,59.5,0,0.78,0,0,0,0, ,0,0,0,0,0, ,995.1,37.9,25.6,5.6,12.6,-8.7,25,990.932,-62.7854,-7.17712,-1.86009,4.84713,-19.1828,
2026_07_06_17_07_53.348,3.869,59.4,0,0.779,0,0,0,0, ,0,0,0,0,0, ,988.1,29.5,45.2,6.6,9.1,-7,25,990.973,-56.9058,-4.58258,-1.37502,5.21293,-18.4922,
2026_07_06_17_07_53.370,3.869,59.4,0,0.779,0,0,0,0, ,0,0,0,0,0, ,979.4,43.4,88.7,-0.2,2.6,-5.6,25,990.533,-51.2169,-0.223564,-1.09623,5.25175,-17.7492,
2026_07_06_17_07_53.391,3.869,59.4,0,0.78,0,0,0,0, ,0,0,0,0,0, ,981.5,56.8,88,-6.5,-8.1,-1,25,989.918,-45.0429,5.17389,-1.23357,4.76415,-16.8687,
2026_07_06_17_07_53.407,3.869,59.4,0,0.779,0,0,0,0, ,0,0,0,0,0, ,993.2,35.1,19.2,-12.5,-13.7,1.3,25,989.762,-39.4981,8.12485,-1.7373,3.80961,-15.8316,
2026_07_06_17_07_53.428,3.869,59.4,0,0.78,0,0,0,0, ,0,0,0,0,0, ,998.4,11.7,-39.1,-5.2,-6.5,1,25,990.13,-35.6652,7.02342,-2.17073,2.962,-14.7968,
2026_07_06_17_07_53.446,3.869,59.4,0,0.78,0,0,0,0, ,0,0,0,0,0, ,992.5,19.2,-3.4,-1.9,2.4,-1.3,25,990.454,-32.5504,5.30051,-2.25478,2.65658,-13.9043,
2026_07_06_17_07_53.466,3.869,59.3,0,0.779,0,0,0,0, ,0,0,0,0,0, ,989.7,24.5,42.4,-5.8,3,-1.1,25,990.493,-29.2354,6.16579,-2.35199,2.65922,-13.1301,
2026_07_06_17_07_53.487,3.869,59.4,0,0.78,0,0,0,0, ,0,0,0,0,0, ,989.5,29.2,31.8,-15.3,-0.1,0.2,25,990.439,-25.8177,8.05084,-2.85156,2.58554,-12.3574,
2026_07_06_17_07_53.507,3.869,59.2,0,0.779,0,0,0,0, ,0,0,0,0,0, ,992.6,21.4,7.9,-21.6,1.2,0.1,25,990.476,-22.7027,8.76985,-3.80209,2.4615,-11.5952,
2026_07_06_17_07_53.525,3.869,59.2,0,0.779,0,0,0,0, ,0,0,0,0,0, ,991.3,3.9,40.5,-27.6,-0.2,-0.9,25,990.566,-20.5484,9.71013,-5.06946,2.34197,-10.913,
2026_07_06_17_07_53.546,3.869,59.2,0,0.779,0,0,0,0, ,0,0,0,0,0, ,989.8,9.8,37.9,-21.4,-2.4,-2.1,25,990.565,-18.8788,11.5072,-6.25351,2.12003,-10.3394,
2026_07_06_17_07_53.566,3.869,59.2,0,0.78,0,0,0,0, ,0,0,0,0,0, ,987,23.5,41.9,-11.1,-3.9,-1.9,25,990.433,-16.7137,13.2374,-6.86267,1.79889,-9.83124,
2026_07_06_17_07_53.587,3.869,59,0,0.779,0,0,0,0, ,0,0,0,0,0, ,993.2,21.9,-0.4,-9.8,-3.2,-1,25,990.413,-14.312,13.6952,-7.08127,1.47294,-9.32051,
2026_07_06_17_07_53.606,3.869,59,0,0.779,0,0,0,0, ,0,0,0,0,0, ,990.8,10.1,25.2,-2.5,1.6,0,25,990.509,-12.4648,13.6162,-7.02452,1.33444,-8.78301,
2026_07_06_17_07_53.628,3.869,59,0,0.78,0,0,0,0, ,0,0,0,0,0, ,990.1,25.8,44.9,-5.1,-1.4,0.7,25,990.506,-10.6114,14.9224,-6.82803,1.25921,-8.22647,
2026_07_06_17_07_53.645,3.869,59,0,0.777,0,0,0,0, ,0,0,0,0,0, ,991,6.3,24.2,-10.5,-2.7,0.1,25,990.508,-8.98675,16.1184,-6.88726,1.05756,-7.70079,
2026_07_06_17_07_53.665,3.869,59,0,0.779,0,0,0,0, ,0,0,0,0,0, ,990.2,10.4,40,-2.1,-2.4,-0.4,25,990.514,-7.9303,17.0923,-6.85147,0.837722,-7.24067,
2026_07_06_17_07_53.685,3.869,58.9,0,0.779,0,0,0,0, ,0,0,0,0,0, ,991.8,13.6,45,-7.2,-6.6,-0.7,25,990.544,-6.71579,18.6406,-6.71732,0.512455,-6.83295,
2026_07_06_17_07_53.707,3.869,58.8,0,0.779,0,0,0,0, ,0,0,0,0,0, ,990.2,12,18.3,-7.7,-7.2,-1.4,25,990.571,-5.52655,19.4333,-6.76197,0.0607586,-6.48055,
2026_07_06_17_07_53.724,3.869,58.9,0,0.781,0,0,0,0, ,0,0,0,0,0, ,991,17,21.6,-8.1,-6.7,-1.4,25,990.573,-4.30618,19.4648,-6.83132,-0.366459,-6.17096,
2026_07_06_17_07_53.743,3.869,58.9,0,0.779,0,0,0,0, ,0,0,0,0,0, ,989.9,20.2,9.6,-4,-6.3,-0.2,25,990.566,-2.91034,19.2293,-6.78371,-0.740222,-5.84367,
2026_07_06_17_07_53.764,3.869,58.8,0,0.779,0,0,0,0, ,0,0,0,0,0, ,991.8,34.1,20.2,-1.4,-5.8,1,25,990.583,-1.07853,18.9655,-6.53485,-1.06379,-5.46319,
2026_07_06_17_07_53.785,3.869,58.9,0,0.778,0,0,0,0, ,0,0,0,0,0, ,992.6,3.2,49.6,-3.4,-9.4,3.7,25,990.682,0.123673,19.9365,-6.28289,-1.46209,-4.98708,
2026_07_06_17_07_53.804,3.869,58.8,0,0.779,0,0,0,0, ,0,0,0,0,0, ,990.9,-15.8,32.7,-20.9,-10.9,5.6,25,990.747,-0.26777,21.2292,-6.64041,-1.99151,-4.39982,
2026_07_06_17_07_53.825,3.869,58.8,0,0.778,0,0,0,0, ,0,0,0,0,0, ,992.4,-5.2,22.5,-29.3,-13.1,2.5,25,990.802,-0.891296,21.6174,-7.76529,-2.6014,-3.88491,
2026_07_06_17_07_53.843,3.869,58.7,0,0.779,0,0,0,0, ,0,0,0,0,0, ,990.4,6.1,5.8,-28.2,-14,2.4,25,990.838,-0.809561,21.1624,-9.04405,-3.26858,-3.49887,
2026_07_06_17_07_53.863,3.869,58.7,0,0.778,0,0,0,0, ,0,0,0,0,0, ,989.7,6.9,-4.8,-25.4,-14.3,2.6,25,990.79,-0.364135,19.9033,-10.1261,-3.93167,-3.13332,
2026_07_06_17_07_53.883,3.869,58.6,0,0.779,0,0,0,0, ,0,0,0,0,0, ,990.1,-12.3,-63.1,-12.1,-8.6,1.1,25,990.736,-0.506477,16.6216,-10.6516,-4.38981,-2.82965,
2026_07_06_17_07_53.905,3.869,58.7,0,0.777,0,0,0,0, ,0,0,0,0,0, ,988.8,-12.4,-47.7,-4.7,1.5,-1.9,25,990.658,-1.22819,12.2328,-10.5144,-4.33864,-2.68159,
2026_07_06_17_07_53.922,3.869,58.7,0,0.778,0,0,0,0, ,0,0,0,0,0, ,989.7,-6.9,-36.6,-3.6,8,-3.6,25,990.572,-1.7414,8.91881,-10.1265,-3.7848,-2.68576,
2026_07_06_17_07_53.945,3.869,58.6,0,0.778,0,0,0,0, ,0,0,0,0,0, ,988.6,-8.4,-40.5,-3.9,14.5,-5.1,25,990.485,-2.10145,6.02618,-9.73797,-2.86862,-2.78717,
2026_07_06_17_07_53.962,3.869,58.6,0,0.779,0,0,0,0, ,0,0,0,0,0, ,989.6,0.7,-27.7,-3.6,22.2,-6.5,25,990.401,-2.208,3.58099,-9.37308,-1.57561,-2.97077,
2026_07_06_17_07_53.982,3.869,58.6,0,0.778,0,0,0,0, ,0,0,0,0,0, ,990.1,0.6,-2.3,-3.6,27.4,-7.1,25,990.367,-2.03384,2.44871,-9.02128,0.0316563,-3.20411,
2026_07_06_17_07_54.001,3.869,58.6,0,0.778,0,0,0,0, ,0,0,0,0,0, ,990.9,-59.4,223.1,-5.1,19.4,-14.4,25,990.375,-3.70147,9.02699,-8.73663,1.45566,-3.66394,
2026_07_06_17_07_54.023,3.869,58.5,0,0.778,0,0,0,0, ,0,0,0,0,0, ,987,54,73.4,-2.6,0.3,-4.1,25,990.288,-3.64044,17.5109,-8.43885,1.96719,-4.00434,
2026_07_06_17_07_54.040,3.869,58.5,0,0.781,0,0,0,0, ,0,0,0,0,0, ,990.8,18,31.8,-2.2,0.8,-2.7,25,990.204,-1.22485,19.6491,-8.07085,1.88083,-3.96751,
2026_07_06_17_07_54.062,3.869,58.5,0,0.778,0,0,0,0, ,0,0,0,0,0, ,993,-29.4,8.1,6,-0.1,-1.6,25,990.307,-1.49756,19.6675,-7.46326,1.78755,-3.85676,
2026_07_06_17_07_54.081,3.869,58.5,0,0.778,0,0,0,0, ,0,0,0,0,0, ,1001.4,-18.9,-16.9,9.1,3.5,-6.9,25,990.727,-2.87794,18.2009,-6.54839,1.78221,-3.88072,
2026_07_06_17_07_54.101,3.869,58.5,0,0.778,0,0,0,0, ,0,0,0,0,0, ,1002.6,7.3,-1.5,24.9,12.3,-6.1,25,991.414,-3.056,16.5311,-5.11341,2.15502,-4.04033,
2026_07_06_17_07_54.120,3.869,58.5,0,0.778,0,0,0,0, ,0,0,0,0,0, ,989.8,23.9,39.1,19,19.6,-7.6,25,991.706,-1.91915,16.6694,-3.46423,2.99565,-4.21155,
2026_07_06_17_07_54.143,3.869,58.4,0,0.778,0,0,0,0, ,0,0,0,0,0, ,976.6,46.8,96.1,3.8,12.5,-8.9,25,991.187,0.351936,19.773,-2.55844,3.79115,-4.45764,
2026_07_06_17_07_54.160,3.869,58.4,0,0.778,0,0,0,0, ,0,0,0,0,0, ,974.2,48.5,113.5,-1.5,0.4,-4.8,25,990.225,3.23416,24.9543,-2.33246,3.95317,-4.60342,
2026_07_06_17_07_54.180,3.869,58.4,0,0.777,0,0,0,0, ,0,0,0,0,0, ,982,33.8,79.1,-7.2,-8.6,-1.8,25,989.487,5.54466,29.3019,-2.4554,3.46243,-4.524,
2026_07_06_17_07_54.199,3.869,58.3,0,0.778,0,0,0,0, ,0,0,0,0,0, ,995.8,25.5,18.4,-6.5,-9.1,-0.2,25,989.451,7.01358,30.487,-2.7232,2.71214,-4.30925,
2026_07_06_17_07_54.220,3.869,58.3,0,0.776,0,0,0,0, ,0,0,0,0,0, ,994.9,16.8,17.9,-6.2,-3.9,-0.6,25,989.81,7.87502,29.7353,-2.94421,2.15078,-4.07103,
2026_07_06_17_07_54.238,3.869,58.2,0,0.778,0,0,0,0, ,0,0,0,0,0, ,990.7,15.9,41.8,-4.9,-1.6,-1.1,25,989.992,8.39146,29.7422,-3.103,1.85214,-3.87475,
2026_07_06_17_07_54.260,3.869,58.3,0,0.778,0,0,0,0, ,0,0,0,0,0, ,985.3,23.4,60.6,-2.5,-3.8,-0.5,25,989.871,9.07753,31.0498,-3.13938,1.57474,-3.68738,
2026_07_06_17_07_54.278,3.869,58.2,0,0.778,0,0,0,0, ,0,0,0,0,0, ,983.1,19.4,78.2,-1.6,-9.8,1.8,25,989.525,9.82843,33.3868,-3.07299,1.06441,-3.42307,
2026_07_06_17_07_54.299,3.869,58.2,0,0.778,0,0,0,0, ,0,0,0,0,0, ,992.5,6.8,35.4,-4.4,-11.3,3.6,25,989.42,10.0278,34.8135,-3.06854,0.356652,-3.04995,
2026_07_06_17_07_54.318,3.869,58.3,0,0.778,0,0,0,0, ,0,0,0,0,0, ,998.9,-3.5,-1.2,-5,-7.7,1.9,25,989.803,9.51727,33.7341,-3.16796,-0.243987,-2.69652,
2026_07_06_17_07_54.339,3.869,58.1,0,0.779,0,0,0,0, ,0,0,0,0,0, ,993,1.4,16.1,-1.1,-0.4,-1.6,25,990.178,8.87332,32.1324,-3.16077,-0.475916,-2.52306,
2026_07_06_17_07_54.357,3.869,58.2,0,0.778,0,0,0,0, ,0,0,0,0,0, ,990.2,18.1,33,-1.1,-1.5,-2.1,25,990.264,8.92675,31.6704,-3.03519,-0.504806,-2.48204,
2026_07_06_17_07_54.378,3.869,58.1,0,0.779,0,0,0,0, ,0,0,0,0,0, ,989.8,14,27.7,-1,-0.6,-2,25,990.248,9.36082,31.5899,-2.91422,-0.538028,-2.45571,
2026_07_06_17_07_54.397,3.869,58,0,0.779,0,0,0,0, ,0,0,0,0,0, ,989.9,16.2,30.3,-0.9,-1.4,-1.8,25,990.224,9.71055,31.4321,-2.79453,-0.56618,-2.42185,
2026_07_06_17_07_54.417,3.869,58,0,0.776,0,0,0,0, ,0,0,0,0,0, ,990.6,15.6,25.3,-0.6,-0.8,-1.9,25,990.225,10.0877,31.2108,-2.66994,-0.59871,-2.387,
2026_07_06_17_07_54.436,3.869,58,0,0.778,0,0,0,0, ,0,0,0,0,0, ,992,14.8,28.5,-0.9,-0.4,-1.9,25,990.291,10.3993,30.9481,-2.55294,-0.598788,-2.35733,
2026_07_06_17_07_54.458,3.869,58.1,0,0.779,0,0,0,0, ,0,0,0,0,0, ,991.3,14.6,31.8,-0.9,-0.7,-1.7,25,990.374,10.6613,30.8994,-2.45222,-0.595815,-2.32336,
2026_07_06_17_07_54.476,3.869,58,0,0.778,0,0,0,0, ,0,0,0,0,0, ,990.3,11.8,31.9,-1.2,-1.2,-1.8,25,990.4,10.816,30.9574,-2.36677,-0.617398,-2.28842,
2026_07_06_17_07_54.503,3.869,58,0,0.777,0,0,0,0, ,0,0,0,0,0, ,990.2,12.3,27.9,-1.3,-1.4,-2.1,25,990.391,10.8912,30.8929,-2.29872,-0.658994,-2.2678,
2026_07_06_17_07_54.515,3.869,57.9,0,0.777,0,0,0,0, ,0,0,0,0,0, ,991.3,13.1,25.6,-1,0,-1.9,25,990.413,11.0014,30.6405,-2.22872,-0.661493,-2.25148,
2026_07_06_17_07_54.537,3.869,57.9,0,0.778,0,0,0,0, ,0,0,0,0,0, ,989.7,15.5,35.2,-1,-0.7,-1.9,25,990.418,11.2025,30.6258,-2.15384,-0.642511,-2.23006,
2026_07_06_17_07_54.555,3.869,58,0,0.777,0,0,0,0, ,0,0,0,0,0, ,991,14.1,21.4,-0.9,-0.1,-1.8,25,990.414,11.4217,30.4841,-2.08048,-0.627733,-2.2069,
2026_07_06_17_07_54.577,3.869,57.9,0,0.778,0,0,0,0, ,0,0,0,0,0, ,989.8,14.5,33.2,-0.9,-0.7,-1.6,25,990.413,11.5971,30.2901,-2.00855,-0.613856,-2.17601,
2026_07_06_17_07_54.594,3.869,57.9,0,0.778,0,0,0,0, ,0,0,0,0,0, ,991.3,14.1,23.3,-0.9,-0.5,-1.9,25,990.421,11.7618,30.1657,-1.94099,-0.613012,-2.15005,
2026_07_06_17_07_54.615,3.869,57.8,0,0.778,0,0,0,0.001, ,0,0,0,0,0, ,989.6,15.2,30.2,-0.9,-0.1,-2,25,990.423,11.9378,29.9576,-1.87756,-0.593937,-2.13786,
2026_07_06_17_07_54.635,3.869,57.8,0,0.778,0,0,0,0.002, ,0,0,0,0,0, ,989.7,14.6,30.2,-0.9,-0.2,-2.1,25,990.376,12.1183,29.9724,-1.81799,-0.566885,-2.13251,
2026_07_06_17_07_54.658,3.869,57.8,0,0.777,0,0,0,0.002, ,0,0,0,0,0, ,990.8,14.1,27.5,-0.7,-0.4,-1.9,25,990.368,12.2543,29.904,-1.75596,-0.550622,-2.12443,
2026_07_06_17_07_54.674,3.869,57.9,0,0.778,0,0,0,0.002, ,0,0,0,0,0, ,991.9,12,24.5,-0.3,0.1,-1.9,25,990.428,12.3028,29.6661,-1.67942,-0.526209,-2.11076,
2026_07_06_17_07_54.695,3.869,57.7,0,0.779,0,0,0,0.001, ,0,0,0,0,0, ,993.2,9.5,25.5,11.2,2.3,-0.5,25,990.557,12.2082,29.3817,-1.24497,-0.421018,-2.05526,
2026_07_06_17_07_54.714,3.869,57.8,0,0.777,0,0,0,0.003, ,0,0,0,0,0, ,992.4,13,25.6,2.9,1.9,-1.3,25,990.694,12.1498,29.1482,-0.739496,-0.267393,-1.98486,
2026_07_06_17_07_54.734,3.869,57.8,0,0.779,0,0,0,0.003, ,0,0,0,0,0, ,1050.1,56,-91.1,21.6,36.3,-9,25,992.556,13.5117,25.3763,0.0520509,0.912807,-2.17774,
2026_07_06_17_07_54.752,3.869,57.7,0,0.778,0,0,0,0.003, ,0,0,0,0,0, ,1016.1,90.3,-59,63.2,87.1,-16.4,25,995.027,17.1459,19.2566,2.63263,4.61703,-2.81894,
2026_07_06_17_07_54.778,3.869,57.7,0,0.777,0,0,0,0.004, ,0,0,0,0,0, ,1223.8,134.1,126,57.6,159.5,-64.5,25,1002.64,22.9383,20.1245,6.15283,11.8493,-5.11208,
2026_07_06_17_07_54.792,3.869,57.7,0,0.777,0,0,0,0.004, ,0,0,0,0,0, ,1313.4,16.6,317.7,7.9,168.7,-44,25,1018.85,26.1321,32.4172,7.77359,21.127,-8.10642,
2026_07_06_17_07_54.814,3.869,57.7,0,0.778,0,0,0,0.004, ,0,0,0,0,0, ,1218.1,84.2,315.4,-27.8,179.9,-34.2,25,1033.89,27.611,49.7315,6.69356,30.461,-9.99509,
2026_07_06_17_07_54.832,3.869,57.7,0,0.776,0,0,0,0.005, ,0,0,0,0,0, ,1117,109,344.9,-42.4,216.2,-33.6,25,1042.04,31.815,66.8195,4.14677,40.6735,-11.4518,
2026_07_06_17_07_54.853,3.869,57.6,0,0.778,0,0,0,0.005, ,0,0,0,0,0, ,1060.4,96.6,425.9,-36.6,250.1,-40.1,25,1044.88,36.1406,86.233,1.48704,52.4025,-12.9995,
2026_07_06_17_07_54.872,3.869,57.6,0,0.777,0,0,0,0.006, ,0,0,0,0,0, ,944.4,98.3,527.3,-47.9,250.1,-45.5,25,1042.29,39.8767,110.021,-1.17818,64.4497,-14.8155,
2026_07_06_17_07_54.896,3.869,57.6,0,0.777,0,0,0,0.006, ,0,0,0,0,0, ,831.6,78.3,587.2,-37.7,250.1,-40.3,25,1032.89,42.8275,137.274,-3.71451,75.7628,-16.5269,
2026_07_06_17_07_54.911,3.869,57.5,0,0.777,0,0,0,0.006, ,0,0,0,0,0, ,690.5,105.3,606.9,-39.1,250.1,-35.6,25,1016.32,45.8117,165.292,-5.82816,86.3864,-17.8323,
2026_07_06_17_07_54.932,3.869,57.5,0,0.778,0,0,0,0.007, ,0,0,0,0,0, ,611.4,97.4,640.5,-46.3,250.1,-30,25,994.059,49.1961,193.226,-8.07504,96.3627,-18.7444,
2026_07_06_17_07_54.951,3.869,57.5,0,0.779,0,0,0,0.008, ,0,0,0,0,0, ,546.7,78.6,680,-53.5,237.3,-27.5,25,968.77,51.5607,221.685,-10.6237,105.341,-19.3541,
2026_07_06_17_07_54.974,3.869,57.5,0,0.778,0,0,0,0.008, ,0,0,0,0,0, ,476.8,61.1,696,-57.4,225.2,-28,25,940.92,52.6752,250.101,-13.3553,113.014,-19.8658,
2026_07_06_17_07_54.991,3.869,57.3,0,0.778,0,0,0,0.008, ,0,0,0,0,0, ,416.6,25.8,672.1,-55.8,211.8,-31.9,25,910.803,52.113,276.545,-15.9906,119.442,-20.4803,
2026_07_06_17_07_55.012,3.869,57.5,0,0.777,0,0,0,0.01, ,0,0,0,0,0, ,376.9,-4.5,670.8,-45.3,198,-38.5,25,879.478,49.5864,300.609,-18.0965,124.649,-21.3773,
2026_07_06_17_07_55.029,3.869,57.3,0,0.777,0,0,0,0.009, ,0,0,0,0,0, ,368.7,-24,722.4,-35.9,187.2,-36.3,25,848.603,45.6964,324.74,-19.4678,128.79,-22.3536,
2026_07_06_17_07_55.051,3.869,57.3,0,0.778,0,0,0,0.011, ,0,0,0,0,0, ,380.2,-35.2,789.5,-26.2,184.5,-30.8,25,819.709,41.108,351.017,-20.1736,132.267,-23.0359,
2026_07_06_17_07_55.070,3.869,57.5,0,0.778,0,0,0,0.011, ,0,0,0,0,0, ,354.3,-27.9,831.6,-20.2,176.5,-19.3,25,792.137,36.6804,379.02,-20.358,135.206,-23.1587,
2026_07_06_17_07_55.090,3.869,57.2,0,0.779,0,0,0,0.009, ,0,0,0,0,0, ,321.1,-28.9,828.9,-12.6,168,-7.2,25,764.445,32.7146,406.517,-20.1169,137.464,-22.5548,
2026_07_06_17_07_55.109,3.869,57.3,0,0.778,0,0,0,0.012, ,0,0,0,0,0, ,263,-23.9,844.4,-1.8,155.2,6.3,25,735.658,29.1123,432.728,-19.3297,138.935,-21.2078,
2026_07_06_17_07_55.131,3.869,57.3,0,0.777,0,0,0,0.012, ,0,0,0,0,0, ,208.6,-9.6,858.6,2.6,147.8,24.4,25,705.198,26.3175,458.247,-18.1275,139.7,-18.9801,
2026_07_06_17_07_55.148,3.869,57.2,0,0.778,0,0,0,0.012, ,0,0,0,0,0, ,152.9,6.5,907.2,11.6,147.4,40.3,25,673.24,24.6194,484.124,-16.5902,140.182,-15.8522,
2026_07_06_17_07_55.170,3.869,57.2,0,0.778,0,0,0,0.013, ,0,0,0,0,0, ,134.5,-2,888.5,14.1,149.8,45.7,25,640.971,23.2562,509.336,-14.7961,140.695,-12.2659,
2026_07_06_17_07_55.189,3.869,57.1,0,0.776,0,0,0,0.013, ,0,0,0,0,0, ,71,16.7,851.6,24.8,150.9,54.1,25,608.173,22.2869,531.317,-12.7093,141.283,-8.47763,
2026_07_06_17_07_55.208,3.869,57.2,0,0.778,0,0,0,0.014, ,0,0,0,0,0, ,-35.7,58.8,888.3,32.2,128.3,70.9,25,572.188,23.2292,551.952,-10.1981,141.18,-4.15243,
2026_07_06_17_07_55.228,3.869,57.2,0,0.778,0,0,0,0.014, ,0,0,0,0,0, ,-54.6,81.5,930.6,29.7,100.8,89.7,25,534.569,26.0885,573.737,-7.69062,139.558,0.99389,
2026_07_06_17_07_55.250,3.869,57.1,0,0.777,0,0,0,0.014, ,0,0,0,0,0, ,-64.2,101.6,918,27.7,98.3,103.5,25,498.374,30.0775,595.099,-5.47307,137.12,6.81989,
2026_07_06_17_07_55.268,3.869,57.1,0,0.778,0,0,0,0.015, ,0,0,0,0,0, ,-189.6,172.4,851,36,105.1,105.8,25,460.271,36.5931,612.735,-3.19869,134.961,12.7814,
2026_07_06_17_07_55.289,3.869,57.1,0,0.776,0,0,0,0.015, ,0,0,0,0,0, ,-250.6,206,899.1,45.8,85.3,104.2,25,418.811,45.8926,628.72,-0.511428,132.538,18.401,
2026_07_06_17_07_55.308,3.869,57.1,0,0.777,0,0,0,0.016, ,0,0,0,0,0, ,-232.5,226.6,1023.5,38.1,65.1,113.9,25,378.571,56.2768,648.986,2.07607,129.044,23.9249,
2026_07_06_17_07_55.329,3.869,57.1,0,0.777,0,0,0,0.016, ,0,0,0,0,0, ,-280.8,240.9,968.6,29.9,54.6,118.3,25,339.862,67.0916,670.135,4.02143,124.828,29.5418,
2026_07_06_17_07_55.347,3.869,57,0,0.778,0,0,0,0.016, ,0,0,0,0,0, ,-345.2,280.8,958.8,30.8,33.3,115.8,25,300.078,78.8987,688.025,5.62583,119.899,34.8744,
2026_07_06_17_07_55.368,3.869,57,0,0.778,0,0,0,0.017, ,0,0,0,0,0, ,-317.1,281.7,990.6,25.9,20.2,113.2,25,261.613,91.2295,705.494,7.01058,114.223,39.7265,
2026_07_06_17_07_55.386,3.869,57,0,0.777,0,0,0,0.018, ,0,0,0,0,0, ,-389.5,308.9,1059.2,13.9,9.6,99.7,25,224.141,103.665,724.958,7.79603,108.17,43.7925,
2026_07_06_17_07_55.409,3.869,57,0,0.778,0,0,0,0.018, ,0,0,0,0,0, ,-370.9,300.7,1013.7,4.7,-3.6,82.7,25,187.314,115.922,743.939,7.88768,101.762,46.6814,
2026_07_06_17_07_55.425,3.869,57,0,0.778,0,0,0,0.018, ,0,0,0,0,0, ,-279.2,304.4,1001.5,-2,-22.7,82.2,25,156.092,127.294,760.006,7.48929,94.7592,48.861,
2026_07_06_17_07_55.447,3.869,56.9,0,0.778,0,0,0,0.019, ,0,0,0,0,0, ,-178.5,287.3,1047.8,-7.6,-34,90.7,25,132.635,137.566,776.133,6.74041,87.2573,51.1516,
2026_07_06_17_07_55.466,3.869,56.9,0,0.776,0,0,0,0.02, ,0,0,0,0,0, ,-249.7,299,1054.1,-5.8,-28.1,85.4,25,111.506,147.047,792.879,5.92138,80.0479,53.4001,
2026_07_06_17_07_55.488,3.869,57,0,0.777,0,0,0,0.02, ,0,0,0,0,0, ,-248,297.3,1007,-11.7,-34.7,75.5,25,89.5464,156.254,807.362,5.02735,73.2566,55.0485,
2026_07_06_17_07_55.504,3.869,57,0,0.777,0,0,0,0.02, ,0,0,0,0,0, ,-61.8,284.4,987.6,-22.1,-57,86.7,25,74.6504,164.456,818.937,3.69115,65.9985,56.636,
2026_07_06_17_07_55.527,3.869,57,0,0.777,0,0,0,0.02, ,0,0,0,0,0, ,-37.8,294.3,1012,-30.6,-90.4,114.4,25,67.0667,172.067,829.958,1.86052,57.4856,59.312,
2026_07_06_17_07_55.545,3.869,56.9,0,0.778,0,0,0,0.02, ,0,0,0,0,0, ,-157.3,306.6,1083.4,-46.7,-122.8,117,25,57.0354,179.89,843.227,-0.608092,47.4867,62.7481,
2026_07_06_17_07_55.569,3.869,56.9,0,0.779,0,0,0,0.021, ,0,0,0,0,0, ,-159,263.6,1104.3,-58.7,-147,99.5,25,43.9225,186.302,858.499,-3.78244,36.3725,65.5209,
2026_07_06_17_07_55.584,3.869,56.9,0,0.778,0,0,0,0.022, ,0,0,0,0,0, ,-33.6,230.2,1000.3,-46.4,-145.6,78.8,25,35.3777,189.994,870.309,-6.75422,25.2409,66.9608,
2026_07_06_17_07_55.605,3.869,56.8,0,0.777,0,0,0,0.022, ,0,0,0,0,0, ,116.9,213.3,1002.9,-40.2,-130,74.3,25,35.7599,191.929,878.309,-8.98122,15.3056,67.5451,
2026_07_06_17_07_55.623,3.869,56.9,0,0.776,0,0,0,0.023, ,0,0,0,0,0, ,65,209.9,1062.6,-39.6,-116.3,71.9,25,39.1231,193.128,887.721,-10.8653,6.86844,67.8836,
2026_07_06_17_07_55.645,3.869,56.8,0,0.778,0,0,0,0.023, ,0,0,0,0,0, ,32.8,213.7,1079.2,-48.2,-109.8,56.9,25,39.7189,194.266,898.883,-12.8784,-0.439093,67.6714,
2026_07_06_17_07_55.664,3.869,56.9,0,0.778,0,0,0,0.024, ,0,0,0,0,0, ,31.9,202,1043.2,-64.8,-122.8,40.9,25,39.2698,195.094,908.774,-15.5366,-7.49937,66.5275,
2026_07_06_17_07_55.684,3.869,56.9,0,0.777,0,0,0,0.023, ,0,0,0,0,0, ,73.3,148.1,1003.7,-79.9,-154,25.2,25,40.0821,193.872,915.762,-18.9986,-15.4761,64.4874,
2026_07_06_17_07_55.703,3.869,56.8,0,0.776,0,0,0,0.023, ,0,0,0,0,0, ,250,88,969.9,-98.9,-181.9,22.9,25,47.4902,189.252,920.091,-23.2887,-24.7675,62.0233,
2026_07_06_17_07_55.724,3.869,56.9,0,0.777,0,0,0,0.025, ,0,0,0,0,0, ,402.7,57.7,915.8,-75.4,-161.8,27.6,25,64.4832,182.159,921.478,-27.1803,-33.7303,59.7824,
2026_07_06_17_07_55.743,3.869,56.8,0,0.777,0,0,0,0.024, ,0,0,0,0,0, ,409.4,56.2,887.9,-64,-116.3,10.9,25,85.2974,174.529,920.282,-29.7713,-40.1483,57.3125,
2026_07_06_17_07_55.764,3.869,56.8,0,0.778,0,0,0,0.025, ,0,0,0,0,0, ,361.5,17.3,944.9,-76,-116.9,-2.9,25,103.588,166.133,920.045,-32.2228,-44.807,54.0637,
2026_07_06_17_07_55.782,3.869,56.8,0,0.779,0,0,0,0.026, ,0,0,0,0,0, ,425.5,-16.2,884.1,-80.8,-123.2,-3.4,25,121.254,156.043,919.708,-35.0367,-49.3922,50.5773,
2026_07_06_17_07_55.803,3.869,56.8,0,0.778,0,0,0,0.026, ,0,0,0,0,0, ,494.8,-42.7,795.7,-75.9,-110,-7.4,25,141.906,144.739,914.844,-37.6761,-53.4876,47.1662,
2026_07_06_17_07_55.821,3.869,56.8,0,0.778,0,0,0,0.026, ,0,0,0,0,0, ,497,-48.4,773.8,-72.1,-102.9,-12.8,25,163.477,133.143,906.917,-39.8896,-56.715,43.6765,
2026_07_06_17_07_55.844,3.869,56.8,0,0.778,0,0,0,0.026, ,0,0,0,0,0, ,462,-67.5,780.3,-76.2,-119.9,-24.8,25,182.735,121.499,899.003,-41.9773,-60.0474,39.8693,
2026_07_06_17_07_55.861,3.869,56.8,0,0.777,0,0,0,0.027, ,0,0,0,0,0, ,603.5,-84.1,720.7,-71.7,-132.8,-26.1,25,204.064,109.476,889.953,-43.9257,-64.0877,35.889,
2026_07_06_17_07_55.882,3.869,56.7,0,0.776,0,0,0,0.027, ,0,0,0,0,0, ,765.1,-103.5,757.4,-60.1,-92.8,-21.6,25,233.328,97.0887,880.758,-45.2647,-67.0561,32.2486,
2026_07_06_17_07_55.901,3.869,56.8,0,0.778,0,0,0,0.028, ,0,0,0,0,0, ,724.2,-129.2,701.9,-49.1,-41,-27.8,25,264.487,84.0823,871.55,-45.8336,-67.0466,28.7783,
2026_07_06_17_07_55.923,3.869,56.8,0,0.777,0,0,0,0.028, ,0,0,0,0,0, ,675.1,-131.1,667.1,-41.4,-26.9,-30.3,25,291.005,71.0275,860.151,-45.798,-65.0298,25.2544,
2026_07_06_17_07_55.941,3.869,56.7,0,0.778,0,0,0,0.028, ,0,0,0,0,0, ,630.2,-118.6,655.6,-38.1,-27.4,-37.9,25,313.043,59.0912,848.037,-45.4295,-62.7215,21.6375,
2026_07_06_17_07_55.962,3.869,56.7,0,0.777,0,0,0,0.029, ,0,0,0,0,0, ,652,-101.6,680.4,-44.1,-39.6,-47.6,25,333.034,48.7811,837.066,-45.1656,-60.9408,17.7139,
2026_07_06_17_07_55.979,3.869,56.7,0,0.777,0,0,0,0.03, ,0,0,0,0,0, ,808.3,-148.5,636.5,-43.8,-48.3,-40.8,25,357.233,38.1883,826.181,-45.0916,-59.9054,13.941,
2026_07_06_17_07_56.001,3.869,56.6,0,0.778,0,0,0,0.03, ,0,0,0,0,0, ,869.8,-176.6,611.3,-34.2,-36.2,-19.9,25,386.594,25.9558,813.855,-44.7204,-58.8295,11.242,
2026_07_06_17_07_56.020,3.869,56.7,0,0.778,0,0,0,0.031, ,0,0,0,0,0, ,798.3,-135.8,626.4,-26.1,-30.1,-13.7,25,413.86,14.8557,801.972,-43.8325,-57.2647,9.5332,
2026_07_06_17_07_56.042,3.869,56.6,0,0.778,0,0,0,0.031, ,0,0,0,0,0, ,725.2,-124.8,678.9,-34.3,-71.1,-5.2,25,435.06,6.01026,792.873,-43.0017,-56.8586,8.37641,
2026_07_06_17_07_56.058,3.869,56.7,0,0.777,0,0,0,0.032, ,0,0,0,0,0, ,706.7,-117.9,703.4,-46,-114.3,7.5,25,452.177,-1.75076,786.674,-42.828,-59.0426,7.93606,
2026_07_06_17_07_56.081,3.869,56.7,0,0.777,0,0,0,0.031, ,0,0,0,0,0, ,758.4,-119.2,671.3,-55.3,-113.9,0.1,25,469.262,-8.86821,780.621,-43.3046,-62.3977,7.68401,
2026_07_06_17_07_56.099,3.869,56.7,0,0.778,0,0,0,0.032, ,0,0,0,0,0, ,809.3,-137.2,614.7,-58.3,-91.6,-11.2,25,488.432,-16.14,772.235,-44.127,-64.8567,6.87757,
2026_07_06_17_07_56.121,3.869,56.7,0,0.778,0,0,0,0.032, ,0,0,0,0,0, ,792.1,-140.8,540.2,-43.8,-83.6,-22,25,507.461,-23.6268,760.365,-44.5489,-66.2426,5.4469,
2026_07_06_17_07_56.138,3.869,56.7,0,0.779,0,0,0,0.032, ,0,0,0,0,0, ,773,-142.4,514.8,-52.3,-93.5,-28,25,524.224,-30.8158,746.175,-44.7622,-67.602,3.59154,
2026_07_06_17_07_56.160,3.869,56.7,0,0.777,0,0,0,0.033, ,0,0,0,0,0, ,787.9,-141.4,516.4,-56.7,-107.4,-29.4,25,539.838,-37.585,732.124,-45.3556,-69.6036,1.62378,
2026_07_06_17_07_56.177,3.869,56.7,0,0.777,0,0,0,0.033, ,0,0,0,0,0, ,854,-147.9,468.5,-57.9,-109.3,-33.8,25,556.968,-44.1092,717.519,-46.0835,-71.9647,-0.400795,
2026_07_06_17_07_56.199,3.869,56.7,0,0.777,0,0,0,0.033, ,0,0,0,0,0, ,909.1,-154.5,398.8,-46.3,-109.5,-31.4,25,576.747,-50.6351,700.221,-46.4501,-74.2459,-2.36293,
2026_07_06_17_07_56.217,3.869,56.6,0,0.777,0,0,0,0.034, ,0,0,0,0,0, ,926.1,-171.1,316.8,-39.9,-115.4,-24.9,25,597.518,-57.4701,679.355,-46.246,-76.574,-3.93433,
2026_07_06_17_07_56.239,3.869,56.8,0,0.777,0,0,0,0.035, ,0,0,0,0,0, ,951.5,-202.8,264.2,-37.2,-114.8,-14.1,25,618.315,-65.3603,655.659,-45.777,-78.9217,-4.88287,
2026_07_06_17_07_56.257,3.869,56.7,0,0.779,0,0,0,0.033, ,0,0,0,0,0, ,906.1,-174.5,220,-27.6,-112.2,-10.8,25,637.235,-72.8733,630.458,-44.9618,-81.0288,-5.34399,
2026_07_06_17_07_56.279,3.869,56.8,0,0.778,0,0,0,0.035, ,0,0,0,0,0, ,946.1,-175.7,204.4,-31.4,-116,-4.3,25,654.838,-79.1027,604.97,-44.0196,-83.0441,-5.47842,
2026_07_06_17_07_56.301,3.869,56.7,0,0.777,0,0,0,0.034, ,0,0,0,0,0, ,1005.7,-195.6,195.8,-23.9,-108.3,9.7,25,674.403,-85.5954,580.298,-43.0221,-84.8177,-4.98004,
2026_07_06_17_07_56.325,3.869,56.8,0,0.777,0,0,0,0.035, ,0,0,0,0,0, ,980.8,-197.1,149.1,-17.3,-90.8,15.5,25,693.832,-92.3445,555.445,-41.6558,-85.7155,-3.90876,
2026_07_06_17_07_56.335,3.869,56.6,0,0.777,0,0,0,0.035, ,0,0,0,0,0, ,959.9,-205,105.8,-14.3,-76.6,15.2,25,710.683,-98.9688,529.364,-40.0802,-85.5926,-2.73518,
2026_07_06_17_07_56.359,3.869,56.6,0,0.778,0,0,0,0.037, ,0,0,0,0,0, ,956.7,-208.4,99.1,-11.9,-62.5,14.6,25,725.772,-105.534,503.349,-38.4361,-84.6151,-1.66054,
2026_07_06_17_07_56.375,3.869,56.7,0,0.778,0,0,0,0.037, ,0,0,0,0,0, ,951,-203.1,99.3,-9.6,-48.3,12,25,739.67,-111.641,478.721,-36.7489,-82.8348,-0.748879,
2026_07_06_17_07_56.397,3.869,56.7,0,0.779,0,0,0,0.037, ,0,0,0,0,0, ,967.8,-202.3,85.6,-5,-32.3,9.5,25,753.06,-117.19,455.183,-34.9544,-80.2428,-0.048166,
2026_07_06_17_07_56.415,3.869,56.6,0,0.778,0,0,0,0.037, ,0,0,0,0,0, ,955,-214.3,54.1,6.5,-16.5,5.2,25,765.756,-122.742,431.702,-32.7787,-76.8399,0.40266,
2026_07_06_17_07_56.435,3.869,56.7,0,0.778,0,0,0,0.038, ,0,0,0,0,0, ,931.6,-205.8,50,-2.1,-15.8,1,25,776.575,-128.062,408.567,-30.6472,-73.1416,0.567029,
2026_07_06_17_07_56.455,3.869,56.6,0,0.777,0,0,0,0.038, ,0,0,0,0,0, ,931.1,-210.9,52.8,4.3,-13.9,-1.1,25,786.007,-132.954,386.802,-28.7126,-69.5894,0.529429,
2026_07_06_17_07_56.477,3.869,56.6,0,0.776,0,0,0,0.039, ,0,0,0,0,0, ,936.5,-218.5,35.6,4.3,-13.6,-1.9,25,795.013,-137.936,365.924,-26.7009,-66.1867,0.40576,
2026_07_06_17_07_56.495,3.869,56.8,0,0.778,0,0,0,0.039, ,0,0,0,0,0, ,958,-211.1,28.3,1.2,-13.7,-4.2,25,804.29,-142.62,345.573,-24.9062,-62.9853,0.195175,
2026_07_06_17_07_56.516,3.869,56.6,0,0.778,0,0,0,0.038, ,0,0,0,0,0, ,982.4,-206.6,46.6,1.7,-7.9,-3.2,25,814.4,-146.656,326.797,-23.3001,-59.8052,-0.0421872,
2026_07_06_17_07_56.534,3.869,56.8,0,0.777,0,0,0,0.04, ,0,0,0,0,0, ,978.3,-205.4,70,-2,-2.4,-3.3,25,824.512,-150.272,310.435,-21.8894,-56.4747,-0.237663,
2026_07_06_17_07_56.556,3.869,56.6,0,0.778,0,0,0,0.038, ,0,0,0,0,0, ,945.9,-201,68.8,-2.6,-3.9,-3.9,25,832.897,-153.497,295.747,-20.6957,-53.2252,-0.442556,
2026_07_06_17_07_56.573,3.869,56.8,0,0.777,0,0,0,0.04, ,0,0,0,0,0, ,962.4,-207.2,57,-4.1,-5.6,-5.7,25,840.286,-156.581,281.558,-19.6387,-50.2712,-0.708087,
2026_07_06_17_07_56.594,3.869,56.8,0,0.778,0,0,0,0.039, ,0,0,0,0,0, ,979.1,-199.3,86.7,-8.6,-1.3,-5.6,25,848.236,-159.425,268.779,-18.8289,-47.4181,-1.00924,
2026_07_06_17_07_56.612,3.869,56.6,0,0.776,0,0,0,0.039, ,0,0,0,0,0, ,981,-182.3,115.9,-12.1,1.3,-2.6,25,856.268,-161.337,258.573,-18.3122,-44.5285,-1.19758,
2026_07_06_17_07_56.634,3.869,56.8,0,0.778,0,0,0,0.041, ,0,0,0,0,0, ,974.3,-179.3,111.6,-19.3,-4.1,-0.9,25,863.665,-162.523,249.748,-18.153,-41.9004,-1.23124,
2026_07_06_17_07_56.652,3.869,56.8,0,0.777,0,0,0,0.04, ,0,0,0,0,0, ,966.3,-189,67.8,-24.2,-17.9,0.7,25,870.163,-163.841,239.995,-18.3722,-40.0174,-1.16231,
2026_07_06_17_07_56.674,3.869,56.8,0,0.778,0,0,0,0.04, ,0,0,0,0,0, ,963.6,-198.6,26.9,-20.5,-35.4,1.8,25,875.939,-165.666,228.256,-18.6146,-39.2028,-1.01531,
2026_07_06_17_07_56.692,3.869,56.7,0,0.778,0,0,0,0.041, ,0,0,0,0,0, ,982.9,-206.1,12.5,-18.1,-52.4,5.7,25,881.869,-167.902,215.547,-18.6564,-39.4891,-0.724921,
2026_07_06_17_07_56.714,3.869,56.7,0,0.778,0,0,0,0.042, ,0,0,0,0,0, ,995.1,-228.1,-8.5,-8,-81.4,16.1,25,888.397,-170.9,202.534,-18.3147,-41.1594,-0.0165274,
2026_07_06_17_07_56.731,3.869,56.8,0,0.778,0,0,0,0.042, ,0,0,0,0,0, ,968.7,-214.3,-54.9,-9.5,-132,32.7,25,894.095,-173.965,188.26,-17.7319,-45.1533,1.47135,
2026_07_06_17_07_56.753,3.869,56.8,0,0.777,0,0,0,0.042, ,0,0,0,0,0, ,963.1,-226.1,-110.8,-13.5,-158.3,42,25,898.471,-176.782,171.739,-17.3521,-51.2468,3.65771,
2026_07_06_17_07_56.772,3.869,56.8,0,0.778,0,0,0,0.042, ,0,0,0,0,0, ,967.6,-266.1,-134.7,-2,-155.4,43.3,25,902.546,-181.006,153.794,-16.767,-57.682,6.0338,
2026_07_06_17_07_56.794,3.869,56.7,0,0.778,0,0,0,0.042, ,0,0,0,0,0, ,946.2,-264.5,-180.6,-7.6,-155.6,41.5,25,905.858,-186.143,134.815,-16.0378,-63.6428,8.24987,
2026_07_06_17_07_56.811,3.869,56.7,0,0.779,0,0,0,0.043, ,0,0,0,0,0, ,900.2,-262.3,-237.3,-8.9,-140.8,39.6,25,906.915,-190.851,113.867,-15.5632,-68.7955,10.2182,
2026_07_06_17_07_56.833,3.869,56.7,0,0.777,0,0,0,0.044, ,0,0,0,0,0, ,848.8,-284.5,-312.9,-5.5,-137.6,29.4,25,904.94,-195.881,90.1645,-15.0536,-73.0858,11.6978,
2026_07_06_17_07_56.851,3.869,56.8,0,0.778,0,0,0,0.044, ,0,0,0,0,0, ,817.2,-303.4,-404.7,-6.8,-172.3,37.7,25,900.556,-201.857,62.8057,-14.511,-78.0744,13.0294,
2026_07_06_17_07_56.872,3.869,56.7,0,0.777,0,0,0,0.044, ,0,0,0,0,0, ,801.8,-299.4,-435.5,-2.3,-200.3,49.4,25,895.007,-207.923,33.3787,-13.904,-84.6694,14.8893,
2026_07_06_17_07_56.890,3.869,56.8,0,0.777,0,0,0,0.045, ,0,0,0,0,0, ,764,-260.7,-470.5,43.9,-200.4,-3.1,25,888.176,-212.318,3.73996,-11.7892,-91.7187,15.3927,
2026_07_06_17_07_56.912,3.869,56.8,0,0.778,0,0,0,0.044, ,0,0,0,0,0, ,700.3,-312.8,-516.7,39.1,-211.4,-22.9,25,878.668,-216.854,-26.5667,-8.54192,-98.6766,13.6625,
2026_07_06_17_07_56.930,3.869,56.7,0,0.778,0,0,0,0.045, ,0,0,0,0,0, ,707.6,-353.6,-578.9,17.6,-227.1,2.3,25,868.021,-223.944,-58.3293,-6.29382,-106.024,12.2023,
2026_07_06_17_07_56.951,3.869,56.8,0,0.778,0,0,0,0.046, ,0,0,0,0,0, ,710.3,-342.8,-632.4,10.2,-239.6,14.4,25,858.328,-231.516,-91.6817,-5.06326,-113.783,11.9675,
2026_07_06_17_07_56.969,3.869,56.8,0,0.778,0,0,0,0.045, ,0,0,0,0,0, ,663.4,-346.5,-647,8.8,-227,15.2,25,847.878,-238.41,-125.077,-4.17581,-121.066,12.1401,
2026_07_06_17_07_56.991,3.869,56.8,0,0.778,0,0,0,0.046, ,0,0,0,0,0, ,584.2,-351.9,-743.1,4.2,-195.4,14.1,25,834.223,-245.161,-159.809,-3.52525,-126.559,12.2931,
2026_07_06_17_07_57.009,3.869,56.8,0,0.779,0,0,0,0.046, ,0,0,0,0,0, ,535.7,-345.5,-725.4,-8.1,-164.8,6.5,25,817.51,-251.471,-194.814,-3.42926,-129.821,12.1716,
2026_07_06_17_07_57.032,3.869,56.8,0,0.776,0,0,0,0.046, ,0,0,0,0,0, ,525.1,-334.1,-733.7,-21.6,-128,6,25,800.014,-256.853,-227.4,-4.12521,-130.832,11.8108,
2026_07_06_17_07_57.049,3.869,56.7,0,0.781,0,0,0,0.046, ,0,0,0,0,0, ,485.5,-331.4,-803.8,-20,-110.6,-3.6,25,782.055,-261.478,-260.388,-5.14133,-130.129,11.1642,
2026_07_06_17_07_57.072,3.869,56.7,0,0.778,0,0,0,0.048, ,0,0,0,0,0, ,425.7,-344.2,-805.4,-22,-103.3,-6.8,25,762.162,-266.129,-293.551,-6.10772,-128.716,10.167,
2026_07_06_17_07_57.089,3.869,56.8,0,0.778,0,0,0,0.048, ,0,0,0,0,0, ,425.5,-325.6,-786.3,-39.1,-90.1,11.2,25,741.652,-270.32,-324.16,-7.59717,-126.765,9.68151,
2026_07_06_17_07_57.112,3.869,56.7,0,0.779,0,0,0,0.047, ,0,0,0,0,0, ,389.5,-296.8,-840.4,-37,-79.6,9.7,25,721.29,-272.811,-353.97,-9.45289,-124.211,9.72834,
2026_07_06_17_07_57.128,3.869,56.8,0,0.778,0,0,0,0.049, ,0,0,0,0,0, ,354.7,-307.7,-868.1,-36.4,-81.8,6.4,25,700.011,-274.605,-384.456,-11.1133,-121.56,9.62606,
2026_07_06_17_07_57.149,3.869,56.9,0,0.778,0,0,0,0.048, ,0,0,0,0,0, ,351.4,-299.9,-882.6,-37.2,-80.4,10.8,25,678.868,-276.384,-414.37,-12.6785,-119.094,9.56354,
2026_07_06_17_07_57.167,3.869,56.9,0,0.779,0,0,0,0.048, ,0,0,0,0,0, ,356.9,-291,-916.7,-42.8,-71.4,21.2,25,659.081,-277.546,-443.941,-14.3434,-116.462,9.95576,
2026_07_06_17_07_57.188,3.869,56.8,0,0.779,0,0,0,0.048, ,0,0,0,0,0, ,386.5,-319.9,-988.2,-33.2,-78.9,34.5,25,641.569,-279.246,-474.929,-15.785,-113.945,11.0462,
2026_07_06_17_07_57.207,3.869,56.7,0,0.779,0,0,0,0.049, ,0,0,0,0,0, ,405.2,-354.6,-957,-22.2,-69.2,53.2,25,626.595,-282.781,-505.256,-16.5111,-111.514,13.0452,
2026_07_06_17_07_57.230,3.873,56.9,0,0.777,3.922,5.047,0.98,0.05, ,0,0,0,0,0, ,374.2,-292.1,-899.4,-27.9,-61.2,77.9,25,612.159,-285.253,-531.029,-17.0314,-108.691,16.2447,
2026_07_06_17_07_57.247,3.873,56.9,0,0.779,0,0,0,0.049, ,0,0,0,0,0, ,343.9,-224.9,-850.2,-44.1,-71.8,102.1,25,596.735,-283.623,-551.977,-18.1873,-106.12,20.7391,
2026_07_06_17_07_57.269,3.873,56.8,0,0.777,0,0,0,0.049, ,0,0,0,0,0, ,315.6,-198.9,-771.1,-64.8,-70.1,125.3,25,580.466,-279.252,-567.74,-20.3971,-103.977,26.4039,
2026_07_06_17_07_57.285,3.875,57,0,0.777,3.926,5.052,0.99,0.05, ,0,0,0,0,0, ,268.7,-167.9,-770.3,-70.4,-17.3,140.3,25,562.897,-273.411,-580.108,-23.2735,-100.304,32.8875,
2026_07_06_17_07_57.308,3.875,57,0,0.779,0,0,0,0.049, ,0,0,0,0,0, ,118.8,-142.4,-919.3,-91.4,12,139.4,25,540.402,-266.205,-596.238,-26.7851,-94.3531,39.4055,
2026_07_06_17_07_57.326,3.875,56.8,0,0.777,0,0,0,0.049, ,0,0,0,0,0, ,98.3,-149.2,-1000.4,-92.2,16.5,125.7,25,514.086,-258.867,-618.395,-30.747,-87.7351,45.0815,
2026_07_06_17_07_57.349,3.875,57,0,0.778,3.928,5.048,1.01,0.051, ,0,0,0,0,0, ,74.8,-211.9,-1107.2,-64.8,10.5,109.7,25,488.033,-254.095,-644.928,-33.6569,-81.5661,49.5067,
2026_07_06_17_07_57.365,3.873,56.9,0,0.777,3.925,5.051,0.99,0.05, ,0,0,0,0,0, ,-59.5,-255.6,-1175.9,-28.1,-10.6,87.1,25,458.76,-252.855,-675.191,-34.4365,-76.5987,52.4861,
2026_07_06_17_07_57.386,3.873,57,0,0.778,3.928,5.048,1.01,0.051, ,0,0,0,0,0, ,-49.8,-224.7,-1138.3,-10.4,-28,53.1,25,427.474,-252.081,-704.557,-33.5111,-73.1071,53.5595,
2026_07_06_17_07_57.404,3.874,57,0,0.778,3.925,5.044,1,0.051, ,0,0,0,0,0, ,80.6,-184.9,-1004.2,-3.3,-30.1,32.5,25,402.363,-249.2,-726.902,-31.8864,-70.4224,52.9038,
2026_07_06_17_07_57.427,3.873,57,0,0.779,3.929,5.043,1.01,0.051, ,0,0,0,0,0, ,186.6,-174.4,-972.4,0.5,-9.4,35.8,25,385.985,-244.962,-742.831,-30.0286,-67.3345,51.761,
2026_07_06_17_07_57.444,3.874,57.1,0,0.777,3.92,5.045,1,0.051, ,0,0,0,0,0, ,156.4,-187,-1013.6,3.8,24,42.4,25,372.915,-241.046,-758.076,-28.0678,-62.7865,50.9895,
2026_07_06_17_07_57.466,3.873,56.9,0,0.779,3.931,5.046,1.01,0.051, ,0,0,0,0,0, ,84.4,-174.1,-1043.8,10,53.3,36.8,25,357.527,-237.359,-774.567,-25.9369,-56.6052,50.2954,
2026_07_06_17_07_57.484,3.873,57.1,0,0.78,3.926,5.033,1.04,0.053, ,0,0,0,0,0, ,130,-218.6,-1088.8,8.8,76.7,23.4,25,342.273,-234.86,-792.345,-23.7836,-49.1949,49.0648,
2026_07_06_17_07_57.507,3.874,56.9,0,0.779,3.923,5.035,1,0.051, ,0,0,0,0,0, ,270.3,-271.9,-1161.3,34.1,131.4,2.6,25,333.612,-235.493,-812.619,-21.0271,-39.8565,46.8671,
2026_07_06_17_07_57.524,3.872,57,0,0.779,3.924,5.037,1.04,0.053, ,0,0,0,0,0, ,418.2,-262.3,-1126.9,60,228.3,-11.1,25,334.261,-237.419,-832.818,-16.8787,-26.4682,43.7521,
2026_07_06_17_07_57.546,3.874,56.9,0,0.78,3.925,5.032,1.04,0.053, ,0,0,0,0,0, ,485.2,-282.7,-1057.2,73.9,250.1,-28.5,25,341.417,-239.557,-848.615,-11.7704,-10.279,39.8794,
2026_07_06_17_07_57.564,3.873,57,0,0.779,3.921,5.033,1.06,0.054, ,0,0,0,0,0, ,485.3,-279.9,-1019.7,74,250.1,-21.5,25,350.182,-242.101,-860.183,-6.5468,5.58784,35.9258,
2026_07_06_17_07_57.587,3.872,57.1,0,0.777,3.918,5.042,1.04,0.053, ,0,0,0,0,0, ,519.5,-272.9,-965.8,71.7,250.1,-3.1,25,359.458,-244.191,-868.262,-1.70856,20.4878,32.9871,
2026_07_06_17_07_57.603,3.873,57.1,0,0.779,3.927,5.041,1.04,0.053, ,0,0,0,0,0, ,596.9,-269.7,-897.3,69.3,250.1,-3.5,25,371.569,-245.843,-872.118,2.69165,34.4798,30.7758,
2026_07_06_17_07_57.625,3.872,57.1,0,0.779,3.923,5.035,1.04,0.053, ,0,0,0,0,0, ,670,-257.5,-779,63.8,250.1,-18.7,25,387.527,-246.925,-870.048,6.58302,47.6192,28.224,
2026_07_06_17_07_57.649,3.873,57,0,0.779,3.922,5.034,1.04,0.053, ,0,0,0,0,0, ,773.5,-274.9,-627,53.9,250.1,-29.4,25,407.894,-248.1,-859.869,9.76804,59.9578,25.0386,
2026_07_06_17_07_57.671,3.874,57.2,0,0.779,3.922,5.034,1.06,0.054, ,0,0,0,0,0, ,869.2,-263.4,-451.4,33.6,250.1,-19.9,25,433.089,-249.382,-840.328,11.8388,71.5446,22.0107,
2026_07_06_17_07_57.682,3.873,57,0,0.779,3.924,5.037,1.04,0.053, ,0,0,0,0,0, ,928.7,-281.2,-304.1,19,250.1,-6.7,25,461.477,-250.779,-812.14,12.72,82.4253,19.8589,
2026_07_06_17_07_57.705,3.875,57.1,0,0.78,3.924,5.03,1.08,0.055, ,0,0,0,0,0, ,925.1,-236.6,-176.8,-6.6,250.1,-4.8,25,489.839,-251.274,-777.302,12.3227,92.643,18.2984,
2026_07_06_17_07_57.721,3.873,57.1,0,0.779,3.921,5.033,1.08,0.055, ,0,0,0,0,0, ,828.7,-255.1,-116.8,-31.2,250.1,-8.9,25,513.425,-250.943,-738.881,10.4201,102.238,16.7659,
2026_07_06_17_07_57.744,3.872,57.2,0,0.779,3.921,5.033,1.08,0.055, ,0,0,0,0,0, ,796.7,-276.3,-21.3,-1.1,250.1,-9.9,25,531.662,-251.842,-698.063,8.80098,111.248,15.1714,
2026_07_06_17_07_57.760,3.874,57.3,0,0.78,3.924,5.03,1.06,0.054, ,0,0,0,0,0, ,899,-300.5,35.4,3.3,250.1,-4.6,25,550.93,-254.07,-655.096,8.3317,119.71,13.8051,
2026_07_06_17_07_57.785,3.872,57.2,0,0.779,3.921,5.033,1.06,0.054, ,0,0,0,0,0, ,855.5,-312.9,109.4,9.4,250.1,-3.3,25,570.815,-257.277,-610.764,8.21094,127.655,12.7232,
2026_07_06_17_07_57.799,3.873,57.2,0,0.78,3.923,5.029,1.08,0.055, ,0,0,0,0,0, ,785.5,-291.5,191,13.9,250.1,-6.4,25,586.03,-260.015,-564.393,8.42051,135.117,11.6523,
2026_07_06_17_07_57.824,3.873,57.2,0,0.779,3.919,5.03,1.08,0.055, ,0,0,0,0,0, ,762.2,-279.6,234.3,15.3,250.1,-9,25,597.476,-261.571,-517.042,8.79707,142.124,10.473,
2026_07_06_17_07_57.840,3.874,57.3,0,0.78,3.924,5.03,1.08,0.055, ,0,0,0,0,0, ,740.6,-294.6,303.2,16.8,248.4,-9.6,25,606.855,-263.127,-469.157,9.23904,148.652,9.2681,
2026_07_06_17_07_57.862,3.872,57.3,0,0.78,3.922,5.028,1.08,0.055, ,0,0,0,0,0, ,758,-323.1,376.5,26.2,228.1,1.1,25,615.536,-265.913,-419.858,9.9862,154.111,8.44434,
2026_07_06_17_07_57.879,3.872,57.5,0,0.779,3.918,5.029,1.08,0.055, ,0,0,0,0,0, ,685.1,-319.2,431.2,37.9,233,4,25,621.996,-269.279,-369.664,11.3307,158.769,8.08515,
2026_07_06_17_07_57.902,3.874,57.2,0,0.781,3.926,5.026,1.06,0.054, ,0,0,0,0,0, ,633.7,-318.3,464.2,50,241,5.4,25,624.275,-272.293,-319.856,13.3184,163.537,7.87887,
2026_07_06_17_07_57.919,3.873,57.3,0,0.779,3.917,5.028,1.1,0.056, ,0,0,0,0,0, ,534.4,-284.5,544.6,64.1,247,3.2,25,621.824,-274.067,-269.628,15.9833,168.44,7.66078,
2026_07_06_17_07_57.943,3.872,57.5,0,0.78,3.923,5.029,1.1,0.056, ,0,0,0,0,0, ,497.9,-248.7,657.2,70.3,235.2,9.9,25,615.384,-273.612,-216.58,19.1044,172.868,7.59309,
2026_07_06_17_07_57.959,3.873,57.5,0,0.779,3.918,5.029,1.08,0.055, ,0,0,0,0,0, ,447.8,-241.8,675.2,79.3,234.7,19.7,25,606.699,-271.884,-162.785,22.4983,176.651,8.03226,
2026_07_06_17_07_57.980,3.872,57.5,0,0.78,3.924,5.03,1.08,0.055, ,0,0,0,0,0, ,313.8,-209.5,671.6,89.1,237.6,21.7,25,592.933,-269.066,-111.83,26.2583,180.276,8.8042,
2026_07_06_17_07_57.998,3.873,57.3,0,0.779,3.918,5.029,1.08,0.055, ,0,0,0,0,0, ,176,-160.8,718.1,99.9,220.1,23,25,571.725,-263.953,-62.6733,30.4167,183.236,9.62965,
2026_07_06_17_07_58.021,3.874,57.5,0,0.779,3.919,5.03,1.12,0.057, ,0,0,0,0,0, ,110.1,-123.5,762.9,106.5,181.6,23.5,25,545.602,-256.53,-13.7299,34.852,184.31,10.4596,
2026_07_06_17_07_58.038,3.873,57.3,0,0.779,3.922,5.034,1.1,0.056, ,0,0,0,0,0, ,148.4,-81.2,848.7,106.3,143.5,35,25,520.231,-247.135,36.2102,39.2119,182.984,11.6047,
2026_07_06_17_07_58.061,3.874,57.5,0,0.78,3.922,5.028,1.12,0.057, ,0,0,0,0,0, ,151.1,-57.1,816.1,110.4,120.9,57.7,25,497.655,-236.289,84.728,43.425,179.889,13.722,
2026_07_06_17_07_58.077,3.872,57.3,0,0.779,3.919,5.03,1.1,0.056, ,0,0,0,0,0, ,37.7,28.8,816.6,126,96.2,70.5,25,473.081,-222.752,129.311,47.9816,175.542,16.7919,
2026_07_06_17_07_58.099,3.872,57.5,0,0.78,3.92,5.025,1.14,0.058, ,0,0,0,0,0, ,12.4,105.7,914.6,138.7,60.1,78.7,25,445.78,-205.08,174.179,53.1228,169.607,20.3146,
2026_07_06_17_07_58.117,3.874,57.6,0,0.78,3.919,5.024,1.12,0.057, ,0,0,0,0,0, ,30.8,175.1,1024.2,137.8,54.7,79.8,25,419.931,-184.028,222.638,58.3103,162.769,23.9059,
2026_07_06_17_07_58.139,3.872,57.7,0,0.78,3.921,5.026,1.1,0.056, ,0,0,0,0,0, ,0.6,206.5,1034.9,128.7,56.7,81.8,25,395.298,-161.187,271.809,62.8769,156.245,27.3729,
2026_07_06_17_07_58.157,3.874,57.6,0,0.78,3.92,5.025,1.08,0.055, ,0,0,0,0,0, ,-56.6,245.1,1016.6,120.2,30.5,89.9,25,369.504,-137.605,317.752,66.629,149.381,30.9364,
2026_07_06_17_07_58.179,3.873,57.6,0,0.779,3.918,5.029,1.12,0.057, ,0,0,0,0,0, ,-45.8,299.6,1071.7,111.4,-4.3,91.5,25,343.867,-112.623,362.017,69.6254,141.076,34.5782,
2026_07_06_17_07_58.196,3.872,57.7,0,0.781,3.924,5.024,1.12,0.057, ,0,0,0,0,0, ,-20.5,347.7,1121.2,103,4.2,81.5,25,320.892,-86.0377,406.771,71.9151,132.476,37.7422,
2026_07_06_17_07_58.218,3.873,57.6,0,0.777,3.909,5.03,1.1,0.056, ,0,0,0,0,0, ,-65.7,379.8,1126.3,85.9,35.3,61.3,25,298.712,-58.6287,450.462,73.2883,125.607,39.7932,
2026_07_06_17_07_58.235,3.872,57.7,0,0.78,3.927,5.034,1.12,0.057, ,0,0,0,0,0, ,-106.5,392.2,1085.3,70,20.5,54.2,25,275.262,-31.5342,490.397,73.5724,119.653,40.8875,
2026_07_06_17_07_58.259,3.874,57.6,0,0.781,3.921,5.02,1.12,0.057, ,0,0,0,0,0, ,-56.7,414.6,1130.4,59.5,-17,57.6,25,253.516,-5.03038,528.023,73.0348,112.468,41.8023,
2026_07_06_17_07_58.275,3.872,57.7,0,0.779,3.915,5.025,1.14,0.058, ,0,0,0,0,0, ,-20.8,433.7,1177.4,39.1,-15.9,52.8,25,235.706,21.1228,566.162,71.5884,104.612,42.6187,
2026_07_06_17_07_58.300,3.871,57.7,0,0.78,3.921,5.026,1.12,0.057, ,0,0,0,0,0, ,-57,426.7,1137,21.3,-4.3,42.2,25,218.972,46.0509,602.179,69.0663,97.622,42.9162,
2026_07_06_17_07_58.315,3.872,57.8,0,0.779,3.915,5.025,1.12,0.057, ,0,0,0,0,0, ,-83.8,415.4,1072.3,13.5,0.7,25.6,25,201.339,68.9024,632.798,65.9179,91.5634,42.3667,
2026_07_06_17_07_58.338,3.874,57.8,0,0.78,3.921,5.026,1.12,0.057, ,0,0,0,0,0, ,-25.3,381.8,1015.5,8.5,1.6,13.6,25,185.745,88.9934,657.85,62.5713,86.0539,40.9794,
2026_07_06_17_07_58.355,3.873,57.8,0,0.779,3.918,5.029,1.12,0.057, ,0,0,0,0,0, ,47.6,365.7,976.4,1.9,-15.6,20.1,25,175.106,106.346,678.453,59.0753,80.3834,39.509,
2026_07_06_17_07_58.376,3.873,57.6,0,0.78,3.922,5.028,1.12,0.057, ,0,0,0,0,0, ,76.4,363.1,997.6,3.1,-31.5,30,25,168.214,122.071,697.255,55.6277,74.05,38.6279,
2026_07_06_17_07_58.394,3.872,57.8,0,0.78,3.918,5.023,1.16,0.059, ,0,0,0,0,0, ,54.1,366.6,985.4,-0.2,-28.4,28.8,25,161.939,136.865,715.185,52.3263,67.7125,38.0656,
2026_07_06_17_07_58.415,3.874,57.8,0,0.779,3.915,5.025,1.14,0.058, ,0,0,0,0,0, ,31.1,353.1,946.4,-5.3,-17.2,17.7,25,154.667,150.453,730.463,48.9701,62.1969,37.1628,
2026_07_06_17_07_58.433,3.873,57.8,0,0.778,3.917,5.034,1.14,0.058, ,0,0,0,0,0, ,56.3,337.6,889.7,-7,-18.8,11.9,25,147.905,162.33,741.894,45.6112,57.3099,35.8,
2026_07_06_17_07_58.456,3.872,57.9,0,0.779,3.921,5.033,1.14,0.058, ,0,0,0,0,0, ,127.9,325.6,841.5,2,-31,16.4,25,144.504,172.645,749.433,42.6794,52.3002,34.4807,
2026_07_06_17_07_58.472,3.873,57.9,0,0.779,3.918,5.029,1.14,0.058, ,0,0,0,0,0, ,140.3,335.8,902.4,5.7,-52.4,29.9,25,143.87,182.276,756.898,40.3132,46.5721,33.7903,
2026_07_06_17_07_58.495,3.872,57.9,0,0.78,3.921,5.026,1.14,0.058, ,0,0,0,0,0, ,120.7,342,916.9,4.8,-61.4,33.5,25,143.056,191.821,766.207,38.1766,40.2667,33.6629,
2026_07_06_17_07_58.512,3.874,57.9,0,0.779,3.915,5.025,1.14,0.058, ,0,0,0,0,0, ,59.8,340.9,896.6,5.5,-73.2,26.1,25,139.838,200.939,774.771,36.164,33.7119,33.4275,
2026_07_06_17_07_58.537,3.873,57.9,0,0.779,3.92,5.032,1.14,0.058, ,0,0,0,0,0, ,99.8,314.6,885.2,13.5,-72.5,12,25,136.179,208.666,781.848,34.5392,27.2183,32.5514,
2026_07_06_17_07_58.552,3.874,57.9,0,0.779,3.919,5.03,1.14,0.058, ,0,0,0,0,0, ,114.5,327.2,873,17.6,-64.5,-1.3,25,134.41,215.505,787.774,33.382,21.3854,30.8938,
2026_07_06_17_07_58.576,3.873,58,0,0.778,3.917,5.034,1.16,0.059, ,0,0,0,0,0, ,175.9,357.6,871.7,20.9,-71.5,-9,25,135.068,223.238,792.928,32.5209,15.9385,28.6974,
2026_07_06_17_07_58.592,3.872,57.9,0,0.78,3.924,5.03,1.14,0.058, ,0,0,0,0,0, ,318.4,379.6,940.5,19.9,-77,-4.9,25,141.898,232.096,799.824,31.7822,10.4427,26.5251,
2026_07_06_17_07_58.616,3.874,57.9,0,0.78,3.917,5.021,1.16,0.059, ,0,0,0,0,0, ,359,383.7,1002.5,5.8,-71.9,4.7,25,153.89,241.209,810.286,30.6286,5.26951,24.9026,
2026_07_06_17_07_58.632,3.873,58,0,0.779,3.916,5.026,1.16,0.059, ,0,0,0,0,0, ,334.3,377.3,989.9,-12.7,-71.7,13.8,25,165.637,249.698,821.615,28.5519,0.573086,23.9488,
2026_07_06_17_07_58.655,3.872,57.9,0,0.78,3.92,5.025,1.16,0.059, ,0,0,0,0,0, ,318.4,376.2,942,-26.9,-81.5,16.7,25,175.43,257.44,830.41,25.6054,-4.12965,23.4187,
2026_07_06_17_07_58.671,3.873,58,0,0.78,3.916,5.02,1.17,0.06, ,0,0,0,0,0, ,350.5,364.5,895.7,-31.3,-95.4,18,25,185.12,264.32,835.8,22.2718,-9.26792,23.0489,
2026_07_06_17_07_58.695,3.871,58.1,0,0.78,3.918,5.023,1.16,0.059, ,0,0,0,0,0, ,419.1,360.7,899.7,-31.6,-109.9,20.6,25,197.288,270.309,839.572,18.9982,-14.9584,22.8205,
2026_07_06_17_07_58.710,3.873,58,0,0.779,3.914,5.024,1.14,0.058, ,0,0,0,0,0, ,494.5,340.5,942.6,-33.8,-123.2,33.1,25,213.102,275.202,844.543,15.8478,-21.1491,23.066,
2026_07_06_17_07_58.733,3.874,58.1,0,0.78,3.92,5.025,1.16,0.059, ,0,0,0,0,0, ,499.8,332.8,927.8,-39.8,-125,40.9,25,230.411,278.946,850.067,12.6396,-27.4227,23.9151,
2026_07_06_17_07_58.750,3.873,58.1,0,0.779,3.916,5.026,1.16,0.059, ,0,0,0,0,0, ,523.9,302.3,873,-47.5,-106.3,35.4,25,247.562,281.299,853.134,9.20943,-32.799,24.7826,
2026_07_06_17_07_58.774,3.875,58.1,0,0.779,3.918,5.029,1.16,0.059, ,0,0,0,0,0, ,518.6,286.4,835,-54.1,-99.5,32.4,25,264.24,282.094,853.187,5.55261,-37.0708,25.3381,
2026_07_06_17_07_58.789,3.873,58.1,0,0.779,3.92,5.032,1.16,0.059, ,0,0,0,0,0, ,520.6,263.9,798.5,-56.2,-116.2,32.8,25,279.801,281.671,850.967,1.85354,-41.3839,25.7807,
2026_07_06_17_07_58.812,3.873,58.1,0,0.781,3.923,5.023,1.16,0.059, ,0,0,0,0,0, ,610.3,218.7,744,-50.7,-114.3,31.6,25,297.207,279.211,846.109,-1.51652,-45.8851,26.1718,
2026_07_06_17_07_58.831,3.875,58.2,0,0.779,3.913,5.023,1.17,0.06, ,0,0,0,0,0, ,637.4,188.7,725,-45.4,-85.3,25,25,317.112,274.609,839.308,-4.35215,-49.1706,26.3015,
2026_07_06_17_07_58.853,3.873,58.2,0,0.78,3.923,5.029,1.16,0.059, ,0,0,0,0,0, ,632,161.4,683.4,-40.9,-62.4,17.2,25,336.465,268.542,831.075,-6.71639,-50.6745,25.9846,
2026_07_06_17_07_58.868,3.875,58.2,0,0.781,3.921,5.02,1.16,0.059, ,0,0,0,0,0, ,639.4,146.6,647,-32.5,-51.4,11.3,25,354.7,261.563,820.967,-8.54352,-51.0538,25.2695,
2026_07_06_17_07_58.892,3.873,58.2,0,0.781,3.92,5.019,1.16,0.059, ,0,0,0,0,0, ,651,136.5,633.5,-26.4,-46.4,8.3,25,372.402,254.249,809.954,-9.81751,-50.9226,24.3268,
2026_07_06_17_07_58.909,3.872,58.2,0,0.781,3.918,5.016,1.15,0.059, ,0,0,0,0,0, ,688.5,123.9,638.3,-20.1,-40,7.5,25,390.522,246.69,799.348,-10.636,-50.452,23.3258,
2026_07_06_17_07_58.931,3.873,58.2,0,0.78,3.914,5.017,1.17,0.06, ,0,0,0,0,0, ,694.3,118.4,636.8,-15.9,-28.1,7.8,25,408.857,239.04,789.488,-11.0848,-49.4525,22.3706,
2026_07_06_17_07_58.948,3.872,58.3,0,0.78,3.917,5.021,1.18,0.06, ,0,0,0,0,0, ,678.5,115.7,645.3,-13.3,-19.3,4.8,25,425.769,231.606,780.443,-11.299,-47.8832,21.3913,
2026_07_06_17_07_58.973,3.875,58.2,0,0.78,3.917,5.021,1.16,0.059, ,0,0,0,0,0, ,667.8,114.5,652,-9.3,-14,0.6,25,440.844,224.507,772.412,-11.2991,-45.9799,20.2523,
2026_07_06_17_07_58.990,3.873,58.4,0,0.779,3.917,5.028,1.18,0.06, ,0,0,0,0,0, ,677.3,125.3,655.1,-6.4,-12.9,-3,25,454.964,218.132,765.169,-11.0889,-43.9976,18.945,
2026_07_06_17_07_59.027,3.872,58.3,0,0.781,3.923,5.023,1.16,0.059, ,0,0,0,0,0, ,691.6,124.6,671.3,-7.3,-18.1,-2.3,25,468.948,212.454,758.955,-10.8306,-42.2611,17.6291,
2026_07_06_17_07_59.035,3.874,58.3,0,0.779,3.911,5.02,1.17,0.06, ,0,0,0,0,0, ,704.2,128.7,678.3,-7.2,-28,1.4,25,482.9,207.225,753.827,-10.6124,-41.0904,16.5274,
2026_07_06_17_07_59.057,3.872,58.3,0,0.78,3.921,5.026,1.18,0.06, ,0,0,0,0,0, ,720.4,128.7,674.9,-6.3,-30,2.9,25,496.879,202.44,749.121,-10.377,-40.3536,15.6513,
2026_07_06_17_07_59.066,3.874,58.3,0,0.781,3.919,5.017,1.17,0.06, ,0,0,0,0,0, ,711.5,129.3,681.1,-5.7,-20,-0.7,25,510.228,197.965,744.787,-10.1103,-39.418,14.7645,
2026_07_06_17_07_59.096,3.872,58.4,0,0.78,3.916,5.02,1.17,0.06, ,0,0,0,0,0, ,701.7,133.6,683.9,-6.3,-12.1,-8,25,522.195,193.912,740.991,-9.85982,-37.994,13.5997,
2026_07_06_17_07_59.106,3.874,58.4,0,0.78,3.916,5.02,1.17,0.06, ,0,0,0,0,0, ,715.6,126.7,670.7,-8.1,-7.6,-13.7,25,533.557,190.026,737.11,-9.69774,-36.279,12.1098,
2026_07_06_17_07_59.130,3.875,58.4,0,0.78,3.918,5.023,1.18,0.06, ,0,0,0,0,0, ,736,127.9,666.1,-8.3,-3.2,-14.2,25,545.272,186.204,732.923,-9.60647,-34.3973,10.5218,
2026_07_06_17_07_59.145,3.873,58.5,0,0.78,3.919,5.024,1.18,0.06, ,0,0,0,0,0, ,735.2,134.3,662.9,-8.5,-4,-13.8,25,556.87,182.846,728.753,-9.53295,-32.5206,9.02752,
2026_07_06_17_07_59.169,3.873,58.4,0,0.781,3.921,5.02,1.16,0.059, ,0,0,0,0,0, ,748.7,125.6,649.1,-8,-7.2,-10.7,25,568.148,179.622,724.32,-9.45477,-30.8801,7.73092,
2026_07_06_17_07_59.185,3.875,58.5,0,0.781,3.918,5.016,1.17,0.06, ,0,0,0,0,0, ,759.8,122,644.2,-6.8,-7.3,-7.2,25,579.489,176.221,719.587,-9.32956,-29.4402,6.71443,
2026_07_06_17_07_59.208,3.873,58.5,0,0.78,3.917,5.021,1.18,0.06, ,0,0,0,0,0, ,749,125.6,640.1,-4.4,-6.1,-6.3,25,590.147,173.026,714.868,-9.10229,-28.0544,5.89394,
2026_07_06_17_07_59.225,3.875,58.5,0,0.78,3.917,5.021,1.18,0.06, ,0,0,0,0,0, ,741.4,121.2,646.9,-4.3,-3,-8.3,25,599.596,170.002,710.519,-8.8127,-26.6221,5.08993,
2026_07_06_17_07_59.248,3.873,58.4,0,0.781,3.922,5.021,1.18,0.06, ,0,0,0,0,0, ,732.7,125.7,648.1,-5.7,-2.7,-10.6,25,607.972,167.166,706.679,-8.58036,-25.1735,4.20391,
2026_07_06_17_07_59.265,3.872,58.5,0,0.781,3.917,5.015,1.19,0.061, ,0,0,0,0,0, ,742.4,130.8,638.4,-6.5,-4.3,-12,25,615.868,164.794,702.814,-8.42921,-23.8528,3.25914,
2026_07_06_17_07_59.288,3.873,58.5,0,0.78,3.914,5.017,1.17,0.06, ,0,0,0,0,0, ,762.4,132,636.1,-5.7,-4.7,-11.6,25,624.188,162.759,698.818,-8.28728,-22.6735,2.34147,
2026_07_06_17_07_59.304,3.872,58.6,0,0.781,3.92,5.019,1.18,0.06, ,0,0,0,0,0, ,762.8,130.4,637.6,-5.6,-4.7,-9.6,25,632.623,160.836,695.042,-8.12657,-21.5782,1.55285,
2026_07_06_17_07_59.328,3.874,58.6,0,0.782,3.919,5.011,1.17,0.06, ,0,0,0,0,0, ,757.6,125.3,628.4,-4.2,-5.9,-6.1,25,640.397,158.826,691.262,-7.92995,-20.5863,0.979864,
2026_07_06_17_07_59.344,3.873,58.6,0,0.78,3.913,5.016,1.17,0.06, ,0,0,0,0,0, ,753.4,125.7,629.6,-1.5,-6.1,-5.6,25,647.411,156.795,687.468,-7.62039,-19.6974,0.563669,
2026_07_06_17_07_59.366,3.872,58.6,0,0.781,3.92,5.019,1.18,0.06, ,0,0,0,0,0, ,748,130.3,643,-1.4,-5.4,-6,25,653.705,155.04,684.349,-7.24438,-18.8475,0.175883,
2026_07_06_17_07_59.383,3.873,58.6,0,0.78,3.914,5.017,1.17,0.06, ,0,0,0,0,0, ,745.3,133.7,650.2,-2.1,-4.9,-7,25,659.369,153.636,682.049,-6.90957,-18.0128,-0.230928,
2026_07_06_17_07_59.406,3.875,58.7,0,0.781,3.92,5.019,1.18,0.06, ,0,0,0,0,0, ,742,136.7,643.5,-2.8,-3.5,-7.9,25,664.505,152.513,679.904,-6.63781,-17.1711,-0.67084,
2026_07_06_17_07_59.423,3.873,58.6,0,0.78,3.917,5.021,1.18,0.06, ,0,0,0,0,0, ,745.2,144.5,645.8,-3.4,-2.9,-8.4,25,669.325,151.787,677.756,-6.42223,-16.3197,-1.1266,
2026_07_06_17_07_59.445,3.875,58.7,0,0.781,3.919,5.017,1.19,0.061, ,0,0,0,0,0, ,745.7,142.3,635.2,-3.4,-3,-8.2,25,673.964,151.276,675.486,-6.23806,-15.505,-1.56373,
2026_07_06_17_07_59.462,3.873,58.8,0,0.781,3.919,5.017,1.17,0.06, ,0,0,0,0,0, ,744.5,138.7,634.8,-2.2,-3,-7.5,25,678.298,150.619,673.019,-6.02855,-14.743,-1.9468,
2026_07_06_17_07_59.486,3.872,58.8,0,0.781,3.918,5.016,1.15,0.059, ,0,0,0,0,0, ,740.7,143.7,642.9,-0.8,-2.5,-7.6,25,682.217,150.045,670.936,-5.7526,-14.0122,-2.28825,
2026_07_06_17_07_59.502,3.873,58.8,0,0.78,3.914,5.017,1.15,0.059, ,0,0,0,0,0, ,745.9,141.7,652,-0.8,-0.5,-9.7,25,685.939,149.598,669.505,-5.4508,-13.2497,-2.67591,
2026_07_06_17_07_59.525,3.873,58.8,0,0.78,3.918,5.023,1.16,0.059, ,0,0,0,0,0, ,745.8,148.6,640.9,-1.8,0.8,-10.7,25,689.59,149.327,668.1,-5.19786,-12.4332,-3.13441,
2026_07_06_17_07_59.541,3.873,58.8,0,0.782,3.922,5.015,1.18,0.06, ,0,0,0,0,0, ,761.4,147.3,647.5,-1.6,1.1,-10,25,693.491,149.243,666.644,-4.98471,-11.6176,-3.57411,
2026_07_06_17_07_59.564,3.874,58.8,0,0.781,3.915,5.012,1.17,0.06, ,0,0,0,0,0, ,764.6,150.2,649.4,-2,-0.9,-7.7,25,697.726,149.213,665.535,-4.79064,-10.9036,-3.89561,
2026_07_06_17_07_59.580,3.873,58.9,0,0.782,3.921,5.014,1.17,0.06, ,0,0,0,0,0, ,765.2,147.5,643.3,-2.2,-2.9,-5.4,25,701.82,149.191,664.366,-4.62668,-10.3549,-4.05736,
2026_07_06_17_07_59.604,3.874,58.8,0,0.78,3.913,5.016,1.15,0.059, ,0,0,0,0,0, ,757.4,146.9,641.1,-2,-2.8,-3.9,25,705.444,149.069,663.015,-4.47271,-9.89759,-4.09348,
2026_07_06_17_07_59.620,3.873,58.9,0,0.779,3.916,5.026,1.18,0.06, ,0,0,0,0,0, ,746.3,151.9,635.6,-2,-2.3,-3.9,25,708.272,149.089,661.512,-4.32203,-9.44985,-4.08169,
2026_07_06_17_07_59.645,3.872,59,0,0.78,3.92,5.025,1.16,0.059, ,0,0,0,0,0, ,746,149.5,629.3,-1.8,0,-4.7,25,710.58,149.188,659.741,-4.17444,-8.94408,-4.09499,
2026_07_06_17_07_59.660,3.874,58.9,0,0.78,3.917,5.021,1.16,0.059, ,0,0,0,0,0, ,746.5,151.3,632.4,-0.9,-0.1,-5,25,712.754,149.261,657.981,-4.00232,-8.40209,-4.141,
2026_07_06_17_07_59.683,3.872,58.9,0,0.782,3.923,5.016,1.18,0.06, ,0,0,0,0,0, ,748.2,153.5,634.5,-0.7,0,-4.5,25,714.862,149.453,656.486,-3.80718,-7.89314,-4.17811,
2026_07_06_17_07_59.699,3.875,58.9,0,0.779,3.909,5.017,1.17,0.06, ,0,0,0,0,0, ,741.5,156.3,634.3,-1.2,-0.3,-4.5,25,716.689,149.785,655.14,-3.63307,-7.42129,-4.19773,
2026_07_06_17_07_59.723,3.873,59,0,0.779,3.919,5.03,1.18,0.06, ,0,0,0,0,0, ,749.6,154,641.3,-1,-2.7,-3.5,25,718.448,150.112,654.083,-3.47871,-7.06046,-4.18568,
2026_07_06_17_07_59.739,3.872,59,0,0.781,3.923,5.023,1.16,0.059, ,0,0,0,0,0, ,747.6,152.2,639.7,-1.8,-2.8,-3.3,25,720.286,150.294,653.256,-3.35204,-6.79779,-4.1378,
2026_07_06_17_07_59.763,3.873,59,0,0.779,3.912,5.021,1.15,0.059, ,0,0,0,0,0, ,754.7,152.3,626,0,-0.7,-4.3,25,722.166,150.413,652.012,-3.20262,-6.49019,-4.11721,
2026_07_06_17_07_59.779,3.872,59,0,0.78,3.92,5.025,1.16,0.059, ,0,0,0,0,0, ,756.8,154.6,647.2,0.5,2.2,-4.3,25,724.213,150.598,651.073,-2.99223,-6.04899,-4.12835,
2026_07_06_17_07_59.801,3.874,59,0,0.78,3.917,5.021,1.16,0.059, ,0,0,0,0,0, ,748,156.7,653.1,-0.8,0,-3.5,25,725.931,150.906,651.017,-2.81903,-5.61335,-4.11444,
2026_07_06_17_07_59.818,3.873,59.2,0,0.779,3.916,5.026,1.16,0.059, ,0,0,0,0,0, ,747.3,153.9,640.9,-1.2,-1.1,-2.8,25,727.254,151.174,650.772,-2.70818,-5.30481,-4.05567,
2026_07_06_17_07_59.842,3.875,59.2,0,0.781,3.924,5.024,1.14,0.058, ,0,0,0,0,0, ,750.7,152.5,640.2,-1.8,-1,-2.3,25,728.579,151.297,650.149,-2.63456,-5.04553,-3.96392,
2026_07_06_17_07_59.859,3.873,59.2,0,0.78,3.918,5.023,1.14,0.058, ,0,0,0,0,0, ,743.1,155.2,638.3,-1.9,-1.6,-2.4,25,729.696,151.453,649.485,-2.58675,-4.81728,-3.86557,
2026_07_06_17_07_59.881,3.873,59.2,0,0.781,3.921,5.02,1.14,0.058, ,0,0,0,0,0, ,743.1,151.3,630,-1.4,-0.9,-2.9,25,730.512,151.562,648.55,-2.52966,-4.5999,-3.79149,
2026_07_06_17_07_59.898,3.874,59.2,0,0.781,3.919,5.017,1.14,0.058, ,0,0,0,0,0, ,744.9,156,634.6,-0.1,-1.2,-2.6,25,731.334,151.689,647.56,-2.42122,-4.38358,-3.72803,
2026_07_06_17_07_59.921,3.873,59.2,0,0.78,3.917,5.021,1.14,0.058, ,0,0,0,0,0, ,743.7,158.8,641.2,0,-1.9,-2.8,25,732.124,152.037,646.972,-2.27672,-4.21091,-3.66538,
2026_07_06_17_07_59.937,3.875,59.3,0,0.781,3.921,5.02,1.14,0.058, ,0,0,0,0,0, ,757.3,156.8,640.8,-0.9,-0.7,-3,25,733.244,152.389,646.608,-2.1654,-4.03353,-3.61874,
2026_07_06_17_07_59.959,3.872,59.3,0,0.78,3.918,5.023,1.14,0.058, ,0,0,0,0,0, ,755.4,157.3,640.6,-1.8,-0.4,-2.7,25,734.652,152.673,646.248,-2.11572,-3.82125,-3.5719,
2026_07_06_17_07_59.977,3.873,59.4,0,0.78,3.918,5.023,1.14,0.058, ,0,0,0,0,0, ,752.6,152,626.9,-2,-1.3,-1.7,25,735.831,152.793,645.486,-2.10257,-3.64019,-3.4883,
2026_07_06_17_07_59.999,3.872,59.3,0,0.781,3.922,5.021,1.12,0.057, ,0,0,0,0,0, ,747.6,153.8,632.5,-1.2,-2,-1.1,25,736.701,152.8,644.524,-2.07195,-3.51891,-3.36104,
2026_07_06_17_08_00.016,3.874,59.3,0,0.78,3.915,5.019,1.13,0.058, ,0,0,0,0,0, ,742,156.8,640,-0.6,-2.5,-1.7,25,737.194,152.952,644.02,-2.00053,-3.44159,-3.24154,
2026_07_06_17_08_00.040,3.872,59.3,0,0.78,3.92,5.025,1.14,0.058, ,0,0,0,0,0, ,745.6,156.1,631.4,-1.1,-0.3,-2.9,25,737.597,153.165,643.513,-1.93042,-3.31718,-3.18417,
2026_07_06_17_08_00.056,3.874,59.4,0,0.78,3.918,5.023,1.14,0.058, ,0,0,0,0,0, ,747.1,157.9,641.3,-1.1,0.1,-3,25,738.13,153.399,643.076,-1.87982,-3.12113,-3.1699,
2026_07_06_17_08_00.080,3.871,59.4,0,0.782,3.926,5.02,1.12,0.057, ,0,0,0,0,0, ,748,157.4,638,-0.4,-0.5,-2.2,25,738.704,153.658,642.868,-1.81097,-2.94312,-3.13517,
2026_07_06_17_08_00.096,3.874,59.5,0,0.781,3.915,5.012,1.11,0.057, ,0,0,0,0,0, ,744.9,158,643.6,-0.1,-0.2,-2.1,25,739.176,153.904,642.742,-1.71585,-2.78511,-3.07513,
2026_07_06_17_08_00.117,3.872,59.4,0,0.781,3.922,5.021,1.1,0.056, ,0,0,0,0,0, ,744.2,158.4,645.5,-0.3,-1.2,-2.7,25,739.504,154.166,642.852,-1.62347,-2.65805,-3.03399,
2026_07_06_17_08_00.135,3.872,59.4,0,0.78,3.916,5.02,1.12,0.057, ,0,0,0,0,0, ,748.1,156.2,631.9,-1,0.1,-3.4,25,739.909,154.357,642.599,-1.56415,-2.52959,-3.03497,
2026_07_06_17_08_00.158,3.874,59.5,0,0.781,3.921,5.02,1.12,0.057, ,0,0,0,0,0, ,744.9,156.2,644.1,-1.2,0,-3.4,25,740.31,154.469,642.319,-1.53587,-2.37239,-3.05721,
2026_07_06_17_08_00.175,3.873,59.5,0,0.78,3.918,5.023,1.12,0.057, ,0,0,0,0,0, ,743.5,156.3,633.9,-0.6,0,-3,25,740.547,154.578,642.116,-1.49712,-2.22782,-3.06591,
2026_07_06_17_08_00.197,3.874,59.5,0,0.78,3.92,5.025,1.12,0.057, ,0,0,0,0,0, ,743.8,157.1,638.4,-0.7,0.9,-3.6,25,740.736,154.707,641.753,-1.4455,-2.06464,-3.08018,
2026_07_06_17_08_00.213,3.872,59.5,0,0.779,3.918,5.029,1.12,0.057, ,0,0,0,0,0, ,745.1,158.3,645.1,-1,0,-4.1,25,740.963,154.889,641.753,-1.40921,-1.91141,-3.12709,
2026_07_06_17_08_00.236,3.872,59.5,0,0.781,3.924,5.024,1.12,0.057, ,0,0,0,0,0, ,745.8,158.8,632.4,-1.5,2.1,-4.6,25,741.236,155.113,641.57,-1.39951,-1.73095,-3.20161,
2026_07_06_17_08_00.253,3.873,59.5,0,0.779,3.914,5.024,1.12,0.057, ,0,0,0,0,0, ,740.2,159.1,641.3,-1.1,1.8,-4.7,25,741.344,155.346,641.282,-1.39345,-1.50664,-3.28987,
